date;MVDA
20141231;100
20150101;97.92
20150102;97.82
20150103;88.53
20150104;80.64
20150105;83.89
20150106;85.68
20150107;88.98
20150108;85.73
20150109;87.15
20150110;83.24
20150111;80.1
20150112;81.69
20150113;67.56
20150114;50.4
20150115;65
20150116;64.32
20150117;60.95
20150118;64.07
20150119;65.39
20150120;63.7
20150121;68.99
20150122;70.14
20150123;70.24
20150124;75.29
20150125;76.72
20150126;81.29
20150127;81.08
20150128;71.15
20150129;67.92
20150130;67.31
20150131;63.49
20150201;65.13
20150202;68.17
20150203;65.04
20150204;64.98
20150205;63.3
20150206;64.51
20150207;65.91
20150208;64.69
20150209;63.58
20150210;63.26
20150211;64.59
20150212;64.06
20150213;68.08
20150214;73.71
20150215;66.59
20150216;67.24
20150217;69.19
20150218;67.08
20150219;69
20150220;69.25
20150221;69.2
20150222;66.94
20150223;67.96
20150224;67.77
20150225;67.4
20150226;67.29
20150227;71.43
20150228;71.3
20150301;71.8
20150302;75.62
20150303;75.73
20150304;74.34
20150305;75.62
20150306;74.58
20150307;75.08
20150308;74.84
20150309;78.73
20150310;78.79
20150311;80.06
20150312;79.74
20150313;77.85
20150314;76.97
20150315;77.5
20150316;79
20150317;77.65
20150318;69.98
20150319;71.26
20150320;71.43
20150321;70.88
20150322;73.19
20150323;72.11
20150324;67.26
20150325;66.95
20150326;67.19
20150327;67.12
20150328;68.34
20150329;65.53
20150330;66.54
20150331;65.61
20150401;66.17
20150402;67.98
20150403;68.87
20150404;68.28
20150405;69.96
20150406;68.82
20150407;68.56
20150408;66.51
20150409;65.94
20150410;63.6
20150411;63.73
20150412;63.6
20150413;60.44
20150414;58.87
20150415;60.17
20150416;61.53
20150417;60.16
20150418;60.34
20150419;60.18
20150420;60.49
20150421;62.98
20150422;62.94
20150423;63.31
20150424;62.13
20150425;60.97
20150426;58.95
20150427;61.57
20150428;60.63
20150429;60.69
20150430;63.39
20150501;62.66
20150502;63.17
20150503;64.32
20150504;64.06
20150505;63.05
20150506;61.62
20150507;63.49
20150508;64.85
20150509;64.29
20150510;63.82
20150511;64.3
20150512;64.24
20150513;62.77
20150514;62.92
20150515;63.02
20150516;62.68
20150517;62.59
20150518;61.27
20150519;61.77
20150520;62.23
20150521;62.65
20150522;64.48
20150523;64.17
20150524;64.61
20150525;63.75
20150526;63.81
20150527;63.79
20150528;64.55
20150529;65.23
20150530;63.53
20150531;62.6
20150601;60.36
20150602;61.53
20150603;61.35
20150604;60.86
20150605;61.36
20150606;61.25
20150607;60.93
20150608;62.31
20150609;62.59
20150610;62.38
20150611;62.63
20150612;62.68
20150613;63.39
20150614;63.78
20150615;65.02
20150616;69.07
20150617;68.8
20150618;69.54
20150619;68.82
20150620;68.93
20150621;68.33
20150622;69.4
20150623;68.41
20150624;67.62
20150625;68.25
20150626;68.49
20150627;70.51
20150628;70.12
20150629;72.73
20150630;74.1
20150701;72.46
20150702;71.89
20150703;72.15
20150704;73.25
20150705;75.53
20150706;75.43
20150707;74.74
20150708;75.87
20150709;77.01
20150710;77.96
20150711;79.92
20150712;85.15
20150713;79.69
20150714;78.85
20150715;77.6
20150716;75.27
20150717;76.22
20150718;74.91
20150719;74.51
20150720;75.71
20150721;74.86
20150722;75.22
20150723;74.91
20150724;78.8
20150725;79.02
20150726;79.95
20150727;80.38
20150728;80.76
20150729;79.17
20150730;78.76
20150731;77.86
20150801;76.68
20150802;76.92
20150803;76.88
20150804;77.73
20150805;77.01
20150806;75.74
20150807;75.88
20150808;71
20150809;72.6
20150810;72.31
20150811;73.68
20150812;73.23
20150813;72.06
20150814;72.67
20150815;71.39
20150816;70.46
20150817;70.53
20150818;67.72
20150819;62.14
20150820;64.51
20150821;63.95
20150822;63.07
20150823;62.19
20150824;57.96
20150825;60.17
20150826;61.34
20150827;60.73
20150828;63.06
20150829;62.39
20150830;62.39
20150831;62.58
20150901;62.12
20150902;62.1
20150903;61.44
20150904;62.65
20150905;63.63
20150906;65.34
20150907;65.13
20150908;66
20150909;64.35
20150910;64.51
20150911;64.59
20150912;63.76
20150913;62.11
20150914;61.99
20150915;61.97
20150916;61.64
20150917;62.69
20150918;62.64
20150919;62.27
20150920;62.23
20150921;61.1
20150922;61.78
20150923;61.61
20150924;62.42
20150925;62.66
20150926;62.4
20150927;61.88
20150928;63.21
20150929;62.29
20150930;62.39
20151001;62.44
20151002;62.53
20151003;62.73
20151004;62.42
20151005;62.77
20151006;64.61
20151007;63.61
20151008;63.34
20151009;63.87
20151010;64.17
20151011;64.81
20151012;64.31
20151013;65.07
20151014;65.76
20151015;66.31
20151016;68.26
20151017;69.63
20151018;67.64
20151019;68.16
20151020;69.26
20151021;68.6
20151022;70.63
20151023;71.04
20151024;72.39
20151025;73.61
20151026;73.05
20151027;75.49
20151028;77.77
20151029;80.91
20151030;84.23
20151031;79.82
20151101;83
20151102;91.77
20151103;100.92
20151104;100.78
20151105;96.35
20151106;93.4
20151107;97.04
20151108;93.77
20151109;95.72
20151110;85.2
20151111;77.3
20151112;84.7
20151113;84.62
20151114;84.08
20151115;80.55
20151116;83.75
20151117;84.66
20151118;85.17
20151119;82.43
20151120;81.45
20151121;82.39
20151122;81.89
20151123;81.69
20151124;80.77
20151125;83.07
20151126;89.36
20151127;90.66
20151128;89.85
20151129;93.5
20151130;95.03
20151201;91
20151202;90.53
20151203;90.68
20151204;91.33
20151205;97.48
20151206;99.04
20151207;99.42
20151208;104.05
20151209;105.94
20151210;105.57
20151211;114.35
20151212;109.86
20151213;110.53
20151214;111.7
20151215;115.99
20151216;113.89
20151217;114.38
20151218;116.03
20151219;115.4
20151220;110.99
20151221;109.74
20151222;109.57
20151223;110.81
20151224;113.37
20151225;113.95
20151226;104.53
20151227;106.49
20151228;106.26
20151229;108.48
20151230;107.48
20151231;108.07
20160101;109
20160102;109.09
20160103;108.28
20160104;108.92
20160105;108.44
20160106;108.26
20160107;114.45
20160108;113.52
20160109;112.53
20160110;111.99
20160111;112.48
20160112;112.2
20160113;109
20160114;108.26
20160115;94.37
20160116;97.31
20160117;97.14
20160118;97.72
20160119;96.21
20160120;105.17
20160121;104.06
20160122;97.44
20160123;99.47
20160124;102.78
20160125;100.95
20160126;100.64
20160127;103.2
20160128;98.95
20160129;99.36
20160130;98.37
20160131;96.12
20160201;96.61
20160202;97.42
20160203;96.21
20160204;101.77
20160205;101.04
20160206;99.14
20160207;99.79
20160208;98.54
20160209;99.94
20160210;102.26
20160211;104.04
20160212;104.26
20160213;105.87
20160214;109.64
20160215;108.62
20160216;108.63
20160217;110.36
20160218;112.06
20160219;111.94
20160220;116.62
20160221;116.35
20160222;117.52
20160223;113.34
20160224;114.67
20160225;114.55
20160226;115.48
20160227;116.81
20160228;117.28
20160229;118.12
20160301;119
20160302;118.11
20160303;117.74
20160304;116.21
20160305;114.8
20160306;116.59
20160307;117.29
20160308;117.09
20160309;119.4
20160310;119.86
20160311;121.16
20160312;121.16
20160313;123.61
20160314;120.94
20160315;121.88
20160316;121.87
20160317;120.28
20160318;117.19
20160319;117.1
20160320;117.16
20160321;119.53
20160322;119.6
20160323;121.58
20160324;119.74
20160325;119.48
20160326;120.05
20160327;121.08
20160328;121.58
20160329;120.22
20160330;119.48
20160331;119.88
20160401;120.06
20160402;120.9
20160403;121.12
20160404;120.66
20160405;120.2
20160406;120.28
20160407;118.92
20160408;117.85
20160409;116.8
20160410;116.52
20160411;116.81
20160412;116.08
20160413;116.38
20160414;117.31
20160415;118.02
20160416;118.82
20160417;119.17
20160418;119.17
20160419;120.74
20160420;122
20160421;123.28
20160422;121.99
20160423;123.78
20160424;125.22
20160425;125.37
20160426;126.28
20160427;121.99
20160428;121.75
20160429;123.68
20160430;123.59
20160501;124.41
20160502;123.96
20160503;124.55
20160504;123.45
20160505;124.35
20160506;126.51
20160507;126.36
20160508;126.28
20160509;126.75
20160510;123.97
20160511;125.48
20160512;126.13
20160513;126.77
20160514;126.64
20160515;126.82
20160516;127.35
20160517;128.31
20160518;129.82
20160519;128.58
20160520;127.63
20160521;128.3
20160522;127.6
20160523;127.62
20160524;126.98
20160525;127.65
20160526;128.26
20160527;131.67
20160528;143.69
20160529;142.87
20160530;147.08
20160531;147.86
20160601;150.06
20160602;149.88
20160603;157.03
20160604;158.05
20160605;158.95
20160606;161.03
20160607;159.66
20160608;160.94
20160609;159.77
20160610;159.95
20160611;163.18
20160612;182.18
20160613;192.55
20160614;191.28
20160615;191.96
20160616;211.4
20160617;201.09
20160618;198.54
20160619;201.75
20160620;194.57
20160621;179.31
20160622;161.95
20160623;169.36
20160624;179.16
20160625;180.62
20160626;171.14
20160627;176.57
20160628;174.9
20160629;173.42
20160630;181.03
20160701;181.77
20160702;187.02
20160703;178.41
20160704;181.22
20160705;177.11
20160706;179.35
20160707;169.67
20160708;177.88
20160709;174.9
20160710;173.9
20160711;173.88
20160712;181.24
20160713;180.21
20160714;180.41
20160715;182.11
20160716;181.15
20160717;184.04
20160718;181.59
20160719;183.82
20160720;183.2
20160721;183.24
20160722;182.73
20160723;183.56
20160724;182.84
20160725;182.26
20160726;181.67
20160727;181.73
20160728;181.44
20160729;181.5
20160730;181.21
20160731;172.43
20160801;168.3
20160802;142.53
20160803;157.95
20160804;161.12
20160805;161.1
20160806;164.22
20160807;164.5
20160808;164.32
20160809;164.22
20160810;164.93
20160811;163.76
20160812;164
20160813;163.32
20160814;159.35
20160815;158.55
20160816;161.6
20160817;159.42
20160818;159.63
20160819;160.01
20160820;162.38
20160821;161.66
20160822;163.28
20160823;162.1
20160824;161.09
20160825;160.69
20160826;160.87
20160827;158.49
20160828;160.07
20160829;160.6
20160830;161.15
20160831;160.55
20160901;160.8
20160902;161.71
20160903;166.95
20160904;169.93
20160905;169.06
20160906;169.75
20160907;170.2
20160908;172.77
20160909;172.54
20160910;173.46
20160911;168.01
20160912;169.06
20160913;169.23
20160914;169.59
20160915;170.19
20160916;169.96
20160917;170.06
20160918;170.18
20160919;170.68
20160920;172.65
20160921;168.3
20160922;167.29
20160923;169.66
20160924;169.26
20160925;169.44
20160926;169.78
20160927;170.05
20160928;170.47
20160929;170.01
20160930;170.75
20161001;171.01
20161002;170.66
20161003;170.97
20161004;169.86
20161005;169.85
20161006;169.53
20161007;170.13
20161008;170.07
20161009;169.49
20161010;169.37
20161011;174.62
20161012;173.51
20161013;173.73
20161014;174.11
20161015;173.72
20161016;174.53
20161017;173.84
20161018;174.2
20161019;172.18
20161020;172.4
20161021;172.88
20161022;178.4
20161023;177.69
20161024;177.08
20161025;176.27
20161026;181.74
20161027;182.97
20161028;182.89
20161029;188.01
20161030;185.65
20161031;185.2
20161101;191.01
20161102;192.89
20161103;181.78
20161104;186.34
20161105;186.9
20161106;188.29
20161107;187.27
20161108;188.43
20161109;190.18
20161110;188.58
20161111;188.68
20161112;185.93
20161113;185.56
20161114;186.05
20161115;187.61
20161116;193.34
20161117;192.52
20161118;194.05
20161119;194.38
20161120;189.77
20161121;191.52
20161122;194.84
20161123;192.79
20161124;190.45
20161125;191.92
20161126;190.37
20161127;188.92
20161128;189.44
20161129;188.49
20161130;191.37
20161201;193.49
20161202;196.23
20161203;195.18
20161204;195.05
20161205;190.95
20161206;193.08
20161207;196.15
20161208;196.67
20161209;197.47
20161210;197.45
20161211;196.41
20161212;199.05
20161213;199.16
20161214;198.49
20161215;197.73
20161216;199.54
20161217;200.12
20161218;201.22
20161219;201.14
20161220;203.02
20161221;209.97
20161222;216.54
20161223;228.99
20161224;223.54
20161225;223.35
20161226;225.05
20161227;231.29
20161228;242.77
20161229;244.02
20161230;241.47
20161231;242.49
20170101;249.45
20170102;255.12
20170103;260.67
20170104;286.54
20170105;251.44
20170106;227.03
20170107;227.18
20170108;230.68
20170109;230.63
20170110;232.53
20170111;203.27
20170112;209.27
20170113;212.6
20170114;211.77
20170115;212.22
20170116;213.25
20170117;230.67
20170118;224.41
20170119;230.03
20170120;229.69
20170121;236.41
20170122;235.93
20170123;236.72
20170124;229.66
20170125;229.74
20170126;234.95
20170127;235.55
20170128;235.93
20170129;235.09
20170130;237.04
20170131;247.04
20170201;250.93
20170202;256.07
20170203;258.26
20170204;263.16
20170205;259.23
20170206;261.54
20170207;267.28
20170208;268.6
20170209;249.81
20170210;254.72
20170211;257.47
20170212;254.54
20170213;254.17
20170214;259.6
20170215;259.82
20170216;264.81
20170217;268.36
20170218;268.65
20170219;268.15
20170220;273.67
20170221;283.12
20170222;283.38
20170223;296.12
20170224;296.42
20170225;290.85
20170226;297.33
20170227;302.31
20170228;303.44
20170301;313.75
20170302;323.59
20170303;331.27
20170304;325.54
20170305;328.2
20170306;330.8
20170307;319.61
20170308;295.95
20170309;308.44
20170310;292.13
20170311;313.19
20170312;327.1
20170313;337.8
20170314;340.4
20170315;352.53
20170316;347.73
20170317;323.3
20170318;289.01
20170319;313.5
20170320;318.38
20170321;335.5
20170322;318.08
20170323;319.97
20170324;309.6
20170325;311.01
20170326;312.98
20170327;327.05
20170328;330.22
20170329;333.69
20170330;335.94
20170331;346.42
20170401;349.54
20170402;368.52
20170403;360.09
20170404;362.61
20170405;362.35
20170406;369.71
20170407;370.41
20170408;371.7
20170409;374.16
20170410;375.39
20170411;377.54
20170412;382.82
20170413;379.63
20170414;376.66
20170415;380.48
20170416;379.61
20170417;383.71
20170418;389.22
20170419;387.79
20170420;394.13
20170421;398.87
20170422;397.2
20170423;400.82
20170424;402.94
20170425;407.77
20170426;419.53
20170427;445.09
20170428;462.08
20170429;469.99
20170430;486.89
20170501;498.59
20170502;503.98
20170503;525.81
20170504;565.06
20170505;568.6
20170506;592.38
20170507;618.17
20170508;669.2
20170509;649.07
20170510;680.65
20170511;694.34
20170512;673.33
20170513;699.48
20170514;706.03
20170515;713.98
20170516;752.1
20170517;793.63
20170518;830.02
20170519;870.71
20170520;905.74
20170521;945.17
20170522;962.01
20170523;1042.08
20170524;1105.54
20170525;1001.28
20170526;978
20170527;887.57
20170528;973.69
20170529;1053.84
20170530;1029.32
20170531;1082.7
20170601;1137.15
20170602;1157.81
20170603;1174.18
20170604;1199.03
20170605;1258.98
20170606;1320.42
20170607;1265.02
20170608;1304.7
20170609;1331.93
20170610;1406.86
20170611;1459.51
20170612;1411.11
20170613;1440.22
20170614;1307.89
20170615;1305.44
20170616;1335.13
20170617;1438.62
20170618;1363.35
20170619;1426.4
20170620;1453.2
20170621;1383.06
20170622;1399.18
20170623;1432.6
20170624;1337.27
20170625;1273.21
20170626;1196.24
20170627;1286.14
20170628;1330.52
20170629;1285.82
20170630;1273.25
20170701;1214.71
20170702;1287.98
20170703;1293.9
20170704;1305.11
20170705;1300.4
20170706;1293.92
20170707;1206.27
20170708;1207.41
20170709;1172.63
20170710;1052.08
20170711;1020.04
20170712;1115.95
20170713;1068.36
20170714;998.53
20170715;891.74
20170716;829.54
20170717;985.12
20170718;1060.48
20170719;1048.42
20170720;1288.08
20170721;1185.91
20170722;1276.23
20170723;1248.72
20170724;1244.6
20170725;1154.84
20170726;1150.53
20170727;1164.09
20170728;1162.12
20170729;1170.26
20170730;1152.46
20170731;1202.21
20170801;1209.11
20170802;1331.18
20170803;1323.91
20170804;1305.78
20170805;1433.44
20170806;1440.2
20170807;1525.22
20170808;1581.83
20170809;1542.5
20170810;1570.1
20170811;1647.63
20170812;1692.44
20170813;1722.05
20170814;1809.26
20170815;1727.79
20170816;1816.62
20170817;1798.46
20170818;1918.2
20170819;1910.59
20170820;1834.52
20170821;1802.75
20170822;1697.21
20170823;1975.38
20170824;1921.15
20170825;1981.69
20170826;1959.57
20170827;1982.97
20170828;1993.45
20170829;2076.01
20170830;2103.1
20170831;2173.63
20170901;2232.24
20170902;2041.33
20170903;2045.17
20170904;1811.71
20170905;1874.13
20170906;2039.08
20170907;2056.27
20170908;1904.72
20170909;1865.38
20170910;1842.43
20170911;1852.01
20170912;1866.98
20170913;1709.9
20170914;1471.86
20170915;1520.89
20170916;1552.93
20170917;1585.5
20170918;1715.13
20170919;1738.3
20170920;1751
20170921;1563.99
20170922;1505.7
20170923;1618.24
20170924;1602.05
20170925;1687.19
20170926;1697.06
20170927;1769.16
20170928;1786.49
20170929;1783.5
20170930;1841.53
20171001;1808.85
20171002;1821.41
20171003;1768.29
20171004;1739.62
20171005;1773.85
20171006;1808.13
20171007;1794.02
20171008;1858.13
20171009;1840.79
20171010;1896.74
20171011;1891.75
20171012;1999.64
20171013;2124.3
20171014;2151.93
20171015;2063.25
20171016;2124
20171017;2086.72
20171018;1996.48
20171019;2047.14
20171020;2129.67
20171021;2117.24
20171022;2069.92
20171023;2018.57
20171024;2051.62
20171025;1978.61
20171026;2074.14
20171027;2040.31
20171028;2023.86
20171029;2117.47
20171030;2142.14
20171031;2200.61
20171101;2225.73
20171102;2268.49
20171103;2418.47
20171104;2425.34
20171105;2444.25
20171106;2390.85
20171107;2336.82
20171108;2487.13
20171109;2493
20171110;2424.28
20171111;2414.51
20171112;2404.64
20171113;2480.45
20171114;2551.74
20171115;2666.63
20171116;2725.41
20171117;2820.84
20171118;2832.41
20171119;2888.18
20171120;2992.36
20171121;3021.97
20171122;3030.73
20171123;3152.01
20171124;3249.55
20171125;3405.75
20171126;3496.43
20171127;3611.98
20171128;3709.06
20171129;3935.05
20171130;3377.49
20171201;3821.46
20171202;3888.57
20171203;4183.36
20171204;4084.47
20171205;4184.87
20171206;4403.98
20171207;4806.79
20171208;4957.55
20171209;4841.93
20171210;4916.34
20171211;5291.27
20171212;5816.66
20171213;5961.86
20171214;6042.85
20171215;6390.2
20171216;6690.21
20171217;6957.98
20171218;7046.55
20171219;7347.95
20171220;7136.23
20171221;6965.89
20171222;5561.43
20171223;6817.33
20171224;5921.64
20171225;6351.32
20171226;6816.66
20171227;6511.91
20171228;6248.24
20171229;6899.91
20171230;6100.73
20171231;6884.42
20180101;6614.92
20180102;7308.72
20180103;8018.22
20180104;8532.98
20180105;8357.1
20180106;8817.53
20180107;8876.76
20180108;8288.7
20180109;8439.43
20180110;8157.77
20180111;7912.86
20180112;7847.88
20180113;8343.2
20180114;7757.88
20180115;8054.4
20180116;6562.58
20180117;5421.49
20180118;6582.09
20180119;6521.42
20180120;7096.69
20180121;6201.41
20180122;5744.65
20180123;6237.69
20180124;6104.07
20180125;6058.97
20180126;6115.67
20180127;6347.98
20180128;6547.83
20180129;6365.41
20180130;5858.57
20180131;5648.96
20180201;5042.45
20180202;4983.97
20180203;5144.26
20180204;4578.72
20180205;3823.59
20180206;3765.63
20180207;4237.43
20180208;4377.12
20180209;4574.29
20180210;4518.33
20180211;4538.13
20180212;4689.14
20180213;4609.68
20180214;5023.07
20180215;5277.18
20180216;5335.51
20180217;5631.8
20180218;5406.29
20180219;5570.98
20180220;5632.45
20180221;5016.59
20180222;4762.52
20180223;4909.49
20180224;4791.68
20180225;4673.37
20180226;4974.54
20180227;5090.99
20180228;4964.66
20180301;5074.35
20180302;5028.61
20180303;5179.96
20180304;5100.1
20180305;5245.11
20180306;4991.78
20180307;4459.38
20180308;4277.84
20180309;3983.47
20180310;4299.79
20180311;4194.24
20180312;4146.56
20180313;4163.53
20180314;3784.39
20180315;3606.6
20180316;3794.25
20180317;3482.57
20180318;3085.92
20180319;3599.09
20180320;3785.59
20180321;3794.68
20180322;3657.25
20180323;3656.82
20180324;3785.77
20180325;3650.62
20180326;3403.87
20180327;3394.92
20180328;3283.07
20180329;3079.25
20180330;2762.83
20180331;2964.58
20180401;2787.78
20180402;2906.84
20180403;3065.74
20180404;2851.73
20180405;2782.24
20180406;2726.71
20180407;2896.05
20180408;2921.79
20180409;2813.98
20180410;2886.64
20180411;2956.81
20180412;3246.89
20180413;3584.43
20180414;3461.41
20180415;3649.21
20180416;3503
20180417;3619.73
20180418;3662.02
20180419;3836.08
20180420;4064.03
20180421;4117.87
20180422;4269.7
20180423;4337.7
20180424;4635.57
20180425;4197.61
20180426;4304.16
20180427;4518.09
20180428;4576.66
20180429;4621.24
20180430;4602.88
20180501;4451.61
20180502;4603.16
20180503;4882.18
20180504;4845.03
20180505;5038.14
20180506;4878.09
20180507;4685.52
20180508;4616.17
20180509;4700.89
20180510;4723.65
20180511;4216.39
20180512;4026.8
20180513;4349.28
20180514;4378.9
20180515;4258.59
20180516;4049.42
20180517;4070.47
20180518;3951.21
20180519;4075.07
20180520;4165.95
20180521;4080.86
20180522;3976.45
20180523;3536.23
20180524;3565.34
20180525;3563.51
20180526;3596.98
20180527;3495.46
20180528;3327.06
20180529;3465.38
20180530;3392.72
20180531;3549.95
20180601;3510.22
20180602;3665.25
20180603;3765.27
20180604;3610.59
20180605;3678.47
20180606;3614.27
20180607;3709.91
20180608;3662.95
20180609;3628.88
20180610;3393.71
20180611;3130.28
20180612;3125.83
20180613;2852.42
20180614;3016.51
20180615;3031.64
20180616;2993.53
20180617;2998.29
20180618;3043.13
20180619;3087.5
20180620;3100.61
20180621;3062.93
20180622;2776.09
20180623;2734.83
20180624;2701.34
20180625;2754.43
20180626;2687.27
20180627;2649.7
20180628;2632.81
20180629;2499.89
20180630;2715.97
20180701;2703.04
20180702;2774.21
20180703;2893.51
20180704;2906.11
20180705;2854.46
20180706;2821.3
20180707;2831
20180708;2921.38
20180709;2890.16
20180710;2707.99
20180711;2696.37
20180712;2621.56
20180713;2660.74
20180714;2662.33
20180715;2735.57
20180716;2849.16
20180717;2883.36
20180718;3137.37
20180719;3028.17
20180720;3007.76
20180721;2998.65
20180722;3028.94
20180723;3037.96
20180724;3180.38
20180725;3179.01
20180726;3200.4
20180727;3169.47
20180728;3157.38
20180729;3156.6
20180730;3097.8
20180731;2956.74
20180801;2878.56
20180802;2847.91
20180803;2819.22
20180804;2679.09
20180805;2698.71
20180806;2672.54
20180807;2719.48
20180808;2325.56
20180809;2407.32
20180810;2362.9
20180811;2187.32
20180812;2275.3
20180813;2195.52
20180814;2023.41
20180815;2257.35
20180816;2187.76
20180817;2271.52
20180818;2203.5
20180819;2248.96
20180820;2251.43
20180821;2202.8
20180822;2192.35
20180823;2197.32
20180824;2227.54
20180825;2285.58
20180826;2256.98
20180827;2300.29
20180828;2400.63
20180829;2404.41
20180830;2333.47
20180831;2383.45
20180901;2502.1
20180902;2498.6
20180903;2482.66
20180904;2521.56
20180905;2280.77
20180906;2134.93
20180907;2131.11
20180908;2100.43
20180909;2081.04
20180910;2016.92
20180911;1992.1
20180912;1969.88
20180913;2116.99
20180914;2118.12
20180915;2145.66
20180916;2114.18
20180917;2029.92
20180918;2088.23
20180919;2075.87
20180920;2128.15
20180921;2331.74
20180922;2324.07
20180923;2359.4
20180924;2293.74
20180925;2155.69
20180926;2275.17
20180927;2270.22
20180928;2310.93
20180929;2305.01
20180930;2337.81
20181001;2299.95
20181002;2285.51
20181003;2253.56
20181004;2281.41
20181005;2273.69
20181006;2260.1
20181007;2251.18
20181008;2296.67
20181009;2275.51
20181010;2250.87
20181011;2092.67
20181012;2097.52
20181013;2092.21
20181014;2110.09
20181015;2217.89
20181016;2193.16
20181017;2203.01
20181018;2185.74
20181019;2170.67
20181020;2174.82
20181021;2186.56
20181022;2174.18
20181023;2162.97
20181024;2177.69
20181025;2165.91
20181026;2161.05
20181027;2159.02
20181028;2164.28
20181029;2097.48
20181030;2094.22
20181031;2115.34
20181101;2113.13
20181102;2145.56
20181103;2138.94
20181104;2194.03
20181105;2205.09
20181106;2243.06
20181107;2270.44
20181108;2227.81
20181109;2194.49
20181110;2203
20181111;2173.87
20181112;2197.54
20181113;2191.02
20181114;1944.03
20181115;1878.33
20181116;1898.27
20181117;1895.46
20181118;1914.77
20181119;1729.08
20181120;1607.43
20181121;1540.96
20181122;1508.12
20181123;1432
20181124;1431.94
20181125;1264.9
20181126;1290.69
20181127;1263.53
20181128;1402.44
20181129;1439.85
20181130;1353.55
20181201;1419.55
20181202;1384.96
20181203;1283.1
20181204;1321.09
20181205;1233.67
20181206;1194.21
20181207;1066.17
20181208;1106.45
20181209;1187.58
20181210;1132.09
20181211;1094.5
20181212;1136.95
20181213;1116.07
20181214;1040.02
20181215;1030.05
20181216;1066.08
20181217;1133.94
20181218;1177.21
20181219;1286.36
20181220;1395.08
20181221;1334.4
20181222;1316.58
20181223;1377.56
20181224;1449.82
20181225;1304.34
20181226;1309.03
20181227;1297.47
20181228;1348.34
20181229;1337.8
20181230;1333.11
20181231;1312.35
20190101;1293.4
20190102;1373.78
20190103;1316.97
20190104;1324.57
20190105;1363.65
20190106;1362.62
20190107;1396.65
20190108;1402.12
20190109;1402.32
20190110;1248.61
20190111;1252.65
20190112;1244.52
20190113;1190.43
20190114;1262.95
20190115;1251.53
20190116;1239.33
20190117;1238.07
20190118;1238.64
20190119;1277.49
20190120;1209.38
20190121;1216.19
20190122;1230.53
20190123;1229.33
20190124;1227.48
20190125;1216.68
20190126;1226.78
20190127;1210.64
20190128;1139.49
20190129;1146.08
20190130;1174.42
20190131;1153.33
20190201;1157.66
20190202;1161.43
20190203;1157.64
20190204;1150.97
20190205;1150.18
20190206;1137.34
20190207;1134.37
20190208;1246.46
20190209;1228.4
20190210;1229.96
20190211;1222.73
20190212;1220.47
20190213;1221.67
20190214;1216.69
20190215;1216.12
20190216;1230.55
20190217;1228.49
20190218;1338.26
20190219;1368.87
20190220;1367.35
20190221;1341.41
20190222;1363.06
20190223;1378.92
20190224;1290.33
20190225;1324.75
20190226;1306.32
20190227;1309.54
20190228;1314.15
20190301;1326.25
20190302;1308.11
20190303;1303.94
20190304;1267.93
20190305;1327.27
20190306;1340.57
20190307;1347.06
20190308;1345.35
20190309;1353.28
20190310;1346.42
20190311;1337.7
20190312;1353.8
20190313;1345.13
20190314;1350.53
20190315;1380.29
20190316;1408.01
20190317;1401.89
20190318;1392.12
20190319;1407.21
20190320;1413.91
20190321;1375.97
20190322;1404.86
20190323;1403.97
20190324;1402.52
20190325;1391.42
20190326;1372.15
20190327;1417.67
20190328;1422.51
20190329;1444.81
20190330;1444.2
20190331;1455.03
20190401;1470.36
20190402;1654.17
20190403;1823.05
20190404;1703.46
20190405;1766.23
20190406;1816.91
20190407;1796.61
20190408;1815.68
20190409;1811.18
20190410;1832.33
20190411;1715.7
20190412;1734.78
20190413;1725.54
20190414;1731.77
20190415;1750.85
20190416;1728.36
20190417;1765.58
20190418;1796.41
20190419;1796.38
20190420;1806.34
20190421;1761.76
20190422;1775.86
20190423;1835.1
20190424;1747.88
20190425;1770.4
20190426;1681.78
20190427;1706.42
20190428;1723
20190429;1689.7
20190430;1736.22
20190501;1747.71
20190502;1771.57
20190503;1853.4
20190504;1800.42
20190505;1830.13
20190506;1851.49
20190507;1883.96
20190508;1852.26
20190509;1865.7
20190510;1930.47
20190511;2087.36
20190512;2048.64
20190513;2303.74
20190514;2374.65
20190515;2475.6
20190516;2487.08
20190517;2228.31
20190518;2298.68
20190519;2459.97
20190520;2418.83
20190521;2462.07
20190522;2464.65
20190523;2408.38
20190524;2498.81
20190525;2479.54
20190526;2466.77
20190527;2674.89
20190528;2692.98
20190529;2743.67
20190530;2727.21
20190531;2627.33
20190601;2692.66
20190602;2725.87
20190603;2680.72
20190604;2495.82
20190605;2446.79
20190606;2440.61
20190607;2554.85
20190608;2474.29
20190609;2397.53
20190610;2494.33
20190611;2482.16
20190612;2580.48
20190613;2587.28
20190614;2589.4
20190615;2737.67
20190616;2818.34
20190617;2820.89
20190618;2754.76
20190619;2797.84
20190620;2828.01
20190621;2965.36
20190622;3225.42
20190623;3191.15
20190624;3241.43
20190625;3285.22
20190626;3767.64
20190627;3084
20190628;3313.69
20190629;3317.16
20190630;3174.73
20190701;2950.95
20190702;3001.47
20190703;3131.6
20190704;3258.81
20190705;3120.57
20190706;3224
20190707;3135.89
20190708;3288.89
20190709;3402.65
20190710;3268.05
20190711;3105.06
20190712;3094.19
20190713;3036.56
20190714;2814
20190715;2816.94
20190716;2599.21
20190717;2599.94
20190718;2777.55
20190719;2743.07
20190720;2891.41
20190721;2763.76
20190722;2724.2
20190723;2660.04
20190724;2585.32
20190725;2687.35
20190726;2656.9
20190727;2547.08
20190728;2565.73
20190729;2572.19
20190730;2612.03
20190731;2671.63
20190801;2679.01
20190802;2745.67
20190803;2830.05
20190804;2852.6
20190805;3047.93
20190806;3011.56
20190807;2966.74
20190808;2970.97
20190809;2947.8
20190810;2866.72
20190811;2904
20190812;2894.75
20190813;2783
20190814;2656.53
20190815;2565.17
20190816;2630.62
20190817;2606.56
20190818;2674.99
20190819;2714.31
20190820;2716.78
20190821;2571.27
20190822;2589.04
20190823;2647.1
20190824;2565.46
20190825;2567.24
20190826;2618.37
20190827;2587.31
20190828;2587.3
20190829;2390.33
20190830;2412.51
20190831;2414.98
20190901;2409.36
20190902;2485.4
20190903;2634.86
20190904;2608.86
20190905;2590.98
20190906;2662.14
20190907;2602.39
20190908;2596.99
20190909;2563.56
20190910;2558.34
20190911;2507.44
20190912;2552.31
20190913;2557.25
20190914;2589.26
20190915;2578.91
20190916;2552.67
20190917;2623.05
20190918;2643.93
20190919;2606.25
20190920;2598.88
20190921;2583.01
20190922;2557.5
20190923;2524.46
20190924;2403.43
20190925;2125.92
20190926;2025.91
20190927;2057.9
20190928;2087.81
20190929;2063.31
20190930;2138.71
20191001;2165.24
20191002;2120.83
20191003;2103.54
20191004;2120.93
20191005;2100.89
20191006;2077.99
20191007;2151.55
20191008;2129.77
20191009;2231.82
20191010;2211.75
20191011;2162.18
20191012;2167.26
20191013;2197.52
20191014;2176.81
20191015;2139.97
20191016;2085.16
20191017;2125.02
20191018;2080.56
20191019;2094
20191020;2115.67
20191021;2134.44
20191022;2142.72
20191023;1958.28
20191024;1975.43
20191025;2199.66
20191026;2330.59
20191027;2447.98
20191028;2395.05
20191029;2400.72
20191030;2339.09
20191031;2381.46
20191101;2358.04
20191102;2401.9
20191103;2340.91
20191104;2388.15
20191105;2425.32
20191106;2423.21
20191107;2391.48
20191108;2293.33
20191109;2291.87
20191110;2362.58
20191111;2295.91
20191112;2291.89
20191113;2305.67
20191114;2279.99
20191115;2224.97
20191116;2235.27
20191117;2248.4
20191118;2210.79
20191119;2120.61
20191120;2128.51
20191121;1990.68
20191122;1865.65
20191123;1919.94
20191124;1844.75
20191125;1888.5
20191126;1864.95
20191127;1930.02
20191128;1973.86
20191129;2007.66
20191130;1973.56
20191201;1915.47
20191202;1900.15
20191203;1904.29
20191204;1933.9
20191205;1889.3
20191206;1917.36
20191207;1940.95
20191208;1948.57
20191209;1920.75
20191210;1875.07
20191211;1866.33
20191212;1870.85
20191213;1891.67
20191214;1835.23
20191215;1851.41
20191216;1843.05
20191217;1732.98
20191218;1757.33
20191219;1805.23
20191220;1817.33
20191221;1810.37
20191222;1837.12
20191223;1891.44
20191224;1839.2
20191225;1797.98
20191226;1846.37
20191227;1816.99
20191228;1852.54
20191229;1875.15
20191230;1841.59
20191231;1830.2
20200101;1847.52
20200102;1791.35
20200103;1874.8
20200104;1857.29
20200105;1899.39
20200106;1931.59
20200107;2001.49
20200108;2026.59
20200109;1968.99
20200110;2017.93
20200111;2080.73
20200112;2061.72
20200113;2061.09
20200114;2250.95
20200115;2290.01
20200116;2253.72
20200117;2329.64
20200118;2326.09
20200119;2253.11
20200120;2276.54
20200121;2276.03
20200122;2284.67
20200123;2191.45
20200124;2207.59
20200125;2182.28
20200126;2229.62
20200127;2317.37
20200128;2345.41
20200129;2439.07
20200130;2448.29
20200131;2422.73
20200201;2464.62
20200202;2492.25
20200203;2452.39
20200204;2453.96
20200205;2563.71
20200206;2625.23
20200207;2638.62
20200208;2671.4
20200209;2731.75
20200210;2675.06
20200211;2779.47
20200212;2863.9
20200213;2834.71
20200214;2892.02
20200215;2752.6
20200216;2630.93
20200217;2675.83
20200218;2754.51
20200219;2812
20200220;2630.32
20200221;2680.18
20200222;2645.44
20200223;2715.31
20200224;2647.91
20200225;2525.29
20200226;2338.49
20200227;2425.1
20200228;2330.45
20200229;2322.64
20200301;2294.74
20200302;2405.38
20200303;2348.67
20200304;2354.63
20200305;2459.06
20200306;2453.9
20200307;2453.93
20200308;2217.59
20200309;2085.81
20200310;2108.07
20200311;2073.43
20200312;1604.32
20200313;1405.48
20200314;1454.47
20200315;1428.66
20200316;1338.58
20200317;1371.78
20200318;1389.23
20200319;1558.82
20200320;1700.39
20200321;1619.01
20200322;1587.58
20200323;1668.62
20200324;1719.36
20200325;1728.67
20200326;1724.44
20200327;1734.62
20200328;1638.81
20200329;1608.46
20200330;1676.2
20200331;1687.64
20200401;1631.63
20200402;1806.8
20200403;1764.34
20200404;1782.4
20200405;1777.98
20200406;1894.77
20200407;1942.36
20200408;1934.46
20200409;1925.45
20200410;1820.14
20200411;1799.33
20200412;1884.02
20200413;1796.43
20200414;1848.54
20200415;1794
20200416;1878.43
20200417;1884.38
20200418;1937.48
20200419;1916.53
20200420;1883.43
20200421;1825.19
20200422;1897.83
20200423;2009.85
20200424;2008.8
20200425;2026.35
20200426;2030.72
20200427;2045.58
20200428;2072.1
20200429;2262.18
20200430;2261.94
20200501;2277.37
20200502;2319.45
20200503;2296.51
20200504;2286.26
20200505;2293.46
20200506;2355.07
20200507;2407.13
20200508;2513.6
20200509;2460.14
20200510;2119.23
20200511;2181.6
20200512;2263.38
20200513;2307.36
20200514;2399.91
20200515;2371.09
20200516;2359.86
20200517;2436.9
20200518;2427.5
20200519;2442.54
20200520;2396.41

20200521;2299.04
20200522;2357.41
20200523;2339.84
20200524;2289.48
20200525;2266.48
20200526;2255.45
20200527;2338.15
20200528;2399.96
20200529;2411.33
20200530;2462.25
20200531;2465.06
20200601;2478.4
20200602;2448.55
20200603;2483.06
20200604;2528.49
20200605;2517.87
20200606;2495.09
20200607;2460.23
20200608;2515.39
20200609;2517.08
20200610;2528.12
20200611;2374.08
20200612;2436.94
20200613;2443.69
20200614;2425.72
20200615;2402.82
20200616;2442.03
20200617;2417.3
20200618;2423.12
20200619;2408.18
20200620;2387.16
20200621;2412.52
20200622;2478.71
20200623;2495.68
20200624;2405.71
20200625;2404.4
20200626;2368.85
20200627;2348.94
20200628;2356.88
20200629;2349.11
20200630;2363.76
20200701;2396.62
20200702;2335.51
20200703;2356.96
20200704;2354.08
20200705;2344.04
20200706;2435.14
20200707;2434.25
20200708;2494.33
20200709;2448.21
20200710;2445.02
20200711;2451.81
20200712;2453.49
20200713;2486.93
20200714;2457.18
20200715;2459.7
20200716;2426.7
20200717;2444.13
20200718;2455.44
20200719;2442.35
20200720;2451.63
20200721;2494.35
20200722;2487.66
20200723;2592.64
20200724;2571.27
20200725;2605.51
20200726;2673.82
20200727;2813.19
20200728;2888.97
20200729;2953.42
20200730;2913.71
20200731;3012.76
20200801;3100.23
20200802;3040.28
20200803;3086.58
20200804;3046.2
20200805;3151.21
20200806;3200.47
20200807;3128.73
20200808;3161.34
20200809;3149.84
20200810;3222.5
20200811;3108.37
20200812;3144.56
20200813;3155.79
20200814;3279.81
20200815;3302.05
20200816;3307.42
20200817;3428.54
20200818;3312.25
20200819;3226.25
20200820;3263.9
20200821;3198.76
20200822;3169.02
20200823;3185.2
20200824;3241.5
20200825;3090.04
20200826;3150.06
20200827;3066.8
20200828;3158.5
20200829;3179.99
20200830;3243.68
20200831;3263.86
20200901;3378.09
20200902;3145.02
20200903;2936.33
20200904;2885.37
20200905;2787.68
20200906;2795.03
20200907;2772.56
20200908;2766.31
20200909;2802.95
20200910;2843.03
20200911;2838.65
20200912;2867.17
20200913;2816.08
20200914;2945.46
20200915;2917.64
20200916;2957.91
20200917;2928.96
20200918;2940.84
20200919;2971.82
20200920;2901.44
20200921;2743.31
20200922;2768.58
20200923;2774.29
20200924;2816.68
20200925;2830.46
20200926;2870.87
20200927;2867.92
20200928;2918.61
20200929;2854.71
20200930;2886.3
20201001;2817.17
20201002;2805.21
20201003;2823.42
20201004;2826.4
20201005;2864.11
20201006;2849.75
20201007;2803.69
20201008;2882.69
20201009;2934.2
20201010;2998.73
20201011;3016.1
20201012;3063.93
20201013;3024.23
20201014;2998.07
20201015;3000.45
20201016;2971.58
20201017;2963.67
20201018;3004.5
20201019;3064.85
20201020;3064.24
20201021;3255.76
20201022;3329.19
20201023;3259.87
20201024;3335.21
20201025;3315.53
20201026;3246.23
20201027;3423.46
20201028;3286.9
20201029;3354
20201030;3323.05
20201031;3389.45
20201101;3389.23
20201102;3330.2
20201103;3327.6
20201104;3406.26
20201105;3615.31
20201106;3724.8
20201107;3715.35
20201108;3722.81
20201109;3650.42
20201110;3688.28
20201111;3810.36
20201112;3833
20201113;3877.28
20201114;3796.65
20201115;3825.81
20201116;3937.19
20201117;4144.78
20201118;4146.79
20201119;4203.09
20201120;4361.43
20201121;4478.73
20201122;4468.98
20201123;4541.14
20201124;4811.19
20201125;4745.35
20201126;4077.04
20201127;4151.2
20201128;4397.8
20201129;4465.46
20201130;4732.66
20201201;4681.29
20201202;4632.07
20201203;4772.55
20201204;4646.9
20201205;4672.83
20201206;4677.92
20201207;4698.68
20201208;4583.79
20201209;4487.25
20201210;4444.46
20201211;4375.62
20201212;4448.48
20201213;4679.13
20201214;4613.37
20201215;4656.96
20201216;4983.29
20201217;5549.65
20201218;5318.7