date	AT	BE	BG	CY	CZ	DE	DK	ES	FI	FR	GB	GR	HR	HU	IE	IT	LT	LU	LV	MT	NL	PL	PT	RO	SE	SI	SK
31.01.1993	7.22	7.57	NaN	NaN	NaN	7.15	8.65	12.15	10.92	7.92	8.48	24.5	NaN	NaN	9.88	13.43	NaN	NaN	NaN	NaN	7.13	NaN	NaN	NaN	10.17	NaN	NaN
28.02.1993	7.13	7.65	NaN	NaN	NaN	6.94	8.63	11.43	10.27	7.77	8.11	24.5	NaN	NaN	9.26	13.06	NaN	NaN	NaN	NaN	6.87	NaN	NaN	NaN	9.83	NaN	NaN
31.03.1993	6.86	7.37	NaN	NaN	NaN	6.66	8.18	11.36	9.87	7.33	7.85	24.5	NaN	NaN	8.62	12.9	NaN	NaN	NaN	NaN	6.56	NaN	NaN	NaN	9.4	NaN	NaN
30.04.1993	6.93	7.44	NaN	NaN	NaN	6.68	7.79	11.49	9.77	7.15	7.97	24.38	NaN	NaN	8.11	13.11	NaN	NaN	NaN	NaN	6.6	NaN	NaN	NaN	9.44	NaN	NaN
31.05.1993	7.06	7.43	NaN	NaN	NaN	6.83	7.56	11.22	9.46	7.18	8.22	23.88	NaN	NaN	7.83	12.46	NaN	NaN	NaN	NaN	6.67	NaN	NaN	NaN	9.12	NaN	NaN
30.06.1993	6.99	7.23	NaN	NaN	NaN	6.81	7.18	10.56	9.06	6.95	8.01	23.38	NaN	NaN	7.61	11.67	NaN	NaN	NaN	NaN	6.59	NaN	NaN	NaN	8.71	NaN	NaN
31.07.1993	6.75	7.05	NaN	NaN	NaN	6.62	7.05	10.22	8.6	6.76	7.62	22.88	NaN	NaN	7.32	11.1	NaN	NaN	NaN	NaN	6.43	NaN	10.66	NaN	8.27	NaN	NaN
31.08.1993	6.6	7.08	NaN	NaN	NaN	6.41	6.73	9.48	7.87	6.31	7.1	22.25	NaN	NaN	7.11	9.76	NaN	NaN	NaN	NaN	6.18	NaN	10.37	NaN	7.66	NaN	NaN
30.09.1993	6.43	7.22	NaN	NaN	NaN	6.2	6.77	9.09	7.99	6.13	7.01	22.25	NaN	NaN	7.01	9.47	NaN	NaN	NaN	NaN	5.97	NaN	9.73	NaN	7.82	NaN	NaN
31.10.1993	6.26	7.19	NaN	NaN	NaN	6	6.47	8.69	7.67	5.96	6.92	22.25	NaN	NaN	6.71	9.02	NaN	6.68	NaN	NaN	5.83	NaN	9.27	NaN	7.59	NaN	NaN
30.11.1993	6.18	6.92	NaN	NaN	NaN	5.98	6.41	8.56	7.39	6.04	6.88	22.25	NaN	NaN	6.57	9.33	NaN	6.52	NaN	NaN	5.81	NaN	9.39	NaN	7.52	NaN	NaN
31.12.1993	6.04	6.59	NaN	NaN	NaN	5.85	6.22	8.28	7.03	5.8	6.38	22.25	NaN	NaN	6.38	8.93	NaN	6.3	NaN	NaN	5.68	NaN	9.19	NaN	7.3	NaN	NaN
31.01.1994	5.81	6.52	NaN	NaN	NaN	5.8	6.02	7.98	6.54	5.67	6.32	22	NaN	NaN	6.15	8.67	NaN	6.33	NaN	NaN	5.61	NaN	8.93	NaN	7.05	NaN	NaN
28.02.1994	6.06	6.7	NaN	NaN	NaN	6.07	6.27	8.07	6.58	5.94	6.71	21.25	NaN	NaN	6.45	8.77	NaN	6.43	NaN	NaN	5.87	NaN	8.58	NaN	7.15	NaN	NaN
31.03.1994	6.45	7.14	NaN	NaN	NaN	6.34	6.69	8.82	7.45	6.37	7.42	20.38	NaN	NaN	7.07	9.45	NaN	6.72	NaN	NaN	6.29	NaN	8.97	NaN	7.87	NaN	NaN
30.04.1994	6.67	7.29	NaN	NaN	NaN	6.48	7.03	9.07	8.29	6.69	7.82	20	NaN	NaN	7.57	9.05	NaN	6.98	NaN	NaN	6.54	NaN	9.26	NaN	8.64	NaN	NaN
31.05.1994	6.97	7.54	NaN	NaN	NaN	6.66	7.41	9.55	8.52	6.97	8.29	20.38	NaN	NaN	7.96	9.37	NaN	7.11	NaN	NaN	6.75	NaN	9.96	NaN	8.91	NaN	NaN
30.06.1994	7.41	7.98	NaN	NaN	NaN	7.05	8.16	10.28	9.53	7.49	8.71	20.75	NaN	NaN	8.5	10.48	NaN	7.15	NaN	NaN	7.11	NaN	10.84	NaN	10.01	NaN	NaN
31.07.1994	7.12	7.95	NaN	NaN	NaN	6.9	8.15	10.59	9.89	7.4	8.54	21.13	NaN	NaN	8.34	10.77	NaN	7.13	NaN	NaN	6.91	NaN	11.34	NaN	10.9	NaN	NaN
31.08.1994	7.2	8.21	NaN	NaN	NaN	7.09	8.57	10.68	10.59	7.61	8.69	21.5	NaN	NaN	8.43	11.46	NaN	7.08	NaN	NaN	7.12	NaN	11.42	NaN	11.44	NaN	NaN
30.09.1994	7.57	8.58	NaN	NaN	NaN	7.52	9.09	11.22	10.53	8.1	8.99	21.5	NaN	NaN	8.82	11.94	NaN	7.32	NaN	NaN	7.49	NaN	11.75	NaN	11.41	NaN	NaN
31.10.1994	7.69	8.45	NaN	NaN	NaN	7.54	8.92	11.13	10.08	8.19	8.88	20.67	NaN	NaN	8.68	12.07	NaN	7.96	NaN	NaN	7.55	NaN	11.59	NaN	11.1	NaN	NaN
30.11.1994	7.72	8.35	NaN	NaN	NaN	7.49	8.83	11.17	10.23	8.14	8.75	19.83	NaN	NaN	8.51	12.02	NaN	7.85	NaN	NaN	7.54	NaN	11.51	NaN	11.09	NaN	NaN
31.12.1994	7.63	8.3	NaN	NaN	NaN	7.46	8.77	11.38	10.21	8.02	8.7	19	NaN	NaN	8.57	12.2	NaN	7.74	NaN	NaN	7.59	NaN	11.6	NaN	10.84	NaN	NaN
31.01.1995	7.72	8.45	NaN	NaN	NaN	7.6	9.06	11.86	10.24	8.23	8.84	19	NaN	NaN	8.79	12.37	NaN	7.78	NaN	NaN	7.71	NaN	11.79	NaN	11	NaN	NaN
28.02.1995	7.65	8.27	NaN	NaN	NaN	7.42	8.86	11.6	10.22	8.01	8.76	18.5	NaN	NaN	8.67	12.39	NaN	7.83	NaN	NaN	7.54	NaN	11.71	NaN	10.71	NaN	NaN
31.03.1995	7.51	8.16	NaN	NaN	NaN	7.28	8.96	12.26	10.18	8.02	8.7	18.25	NaN	NaN	8.8	13.45	NaN	7.73	NaN	NaN	7.42	NaN	11.98	NaN	11.17	NaN	NaN
30.04.1995	7.37	7.85	NaN	NaN	NaN	7.09	8.75	12.09	9.42	7.82	8.55	18	NaN	NaN	8.7	13.4	NaN	7.53	NaN	NaN	7.17	NaN	12.17	NaN	11.41	NaN	NaN
31.05.1995	7.13	7.59	NaN	NaN	NaN	6.86	8.32	11.41	8.84	7.52	8.28	17.58	NaN	NaN	8.34	12.3	NaN	7.39	NaN	NaN	6.92	NaN	11.91	NaN	10.74	NaN	NaN
30.06.1995	7.05	7.33	NaN	NaN	NaN	6.78	8.27	11.54	8.7	7.45	8.23	17.24	NaN	NaN	8.26	12.38	NaN	7.11	NaN	NaN	6.83	NaN	11.89	NaN	10.58	NaN	NaN
31.07.1995	7.11	7.33	NaN	NaN	NaN	6.86	8.34	11.33	8.74	7.43	8.39	16.72	NaN	NaN	8.39	12.21	NaN	7.1	NaN	NaN	6.85	NaN	11.69	NaN	10.55	NaN	NaN
31.08.1995	7	7.19	NaN	NaN	NaN	6.74	8.09	10.97	8.34	7.33	8.26	16.19	NaN	NaN	8.15	11.66	NaN	7.09	NaN	NaN	6.74	NaN	11.31	NaN	10.22	NaN	NaN
30.09.1995	6.88	7.04	NaN	NaN	NaN	6.59	7.84	10.8	7.98	7.35	8.07	15.72	NaN	NaN	7.96	11.54	NaN	6.9	NaN	NaN	6.58	NaN	11.14	NaN	9.63	NaN	NaN
31.10.1995	6.96	7.06	NaN	NaN	NaN	6.57	7.88	10.89	7.95	7.48	8.24	15.56	NaN	NaN	7.99	11.96	NaN	6.84	NaN	NaN	6.59	NaN	11.22	NaN	9.3	NaN	NaN
30.11.1995	6.76	6.8	NaN	NaN	NaN	6.34	7.57	10.54	7.52	7.03	7.97	15.4	NaN	NaN	7.63	11.63	NaN	6.77	NaN	NaN	6.35	NaN	10.74	NaN	8.99	NaN	NaN
31.12.1995	6.47	6.7	NaN	NaN	NaN	6.07	7.3	9.95	7.38	6.75	7.59	15.35	NaN	NaN	7.38	11.17	NaN	6.69	NaN	NaN	6.09	NaN	10.03	NaN	8.61	NaN	NaN
31.01.1996	6.21	6.44	NaN	NaN	NaN	5.89	7.04	9.46	7.03	6.44	7.55	15.3	NaN	NaN	7.23	10.43	NaN	6.42	NaN	NaN	5.87	NaN	9.44	NaN	8.25	NaN	NaN
29.02.1996	6.44	6.64	NaN	NaN	NaN	6.2	7.41	9.71	7.67	6.59	7.9	15.3	NaN	NaN	7.49	10.52	NaN	6.44	NaN	NaN	6.21	NaN	9.45	NaN	8.77	NaN	NaN
31.03.1996	6.55	6.84	NaN	NaN	NaN	6.44	7.6	9.89	7.71	6.64	8.2	14.9	NaN	NaN	7.82	10.69	NaN	6.68	NaN	NaN	6.45	NaN	9.46	NaN	8.76	NaN	NaN
30.04.1996	6.43	6.67	NaN	NaN	NaN	6.38	7.34	9.33	7.47	6.5	8.21	14.8	NaN	NaN	7.61	10.34	NaN	6.58	NaN	NaN	6.35	NaN	9.06	NaN	8.33	NaN	NaN
31.05.1996	6.45	6.69	NaN	NaN	NaN	6.45	7.39	9.17	7.36	6.46	8.23	14.87	NaN	NaN	7.5	9.7	NaN	6.47	NaN	NaN	6.35	NaN	8.97	NaN	8.43	NaN	NaN
30.06.1996	6.63	6.78	NaN	NaN	NaN	6.56	7.5	9.11	7.21	6.55	8.2	14.95	NaN	NaN	7.62	9.57	NaN	6.51	NaN	NaN	6.46	NaN	8.88	NaN	8.34	NaN	NaN
31.07.1996	6.58	6.78	NaN	NaN	NaN	6.48	7.36	8.78	7.07	6.44	8.06	14.61	NaN	NaN	7.49	9.43	NaN	6.53	NaN	NaN	6.41	NaN	8.71	NaN	8.26	NaN	NaN
31.08.1996	6.41	6.62	NaN	NaN	NaN	6.3	7.26	8.86	7.16	6.34	7.96	14.46	NaN	NaN	7.43	9.48	NaN	6.35	NaN	NaN	6.24	NaN	8.71	NaN	8.1	NaN	NaN
30.09.1996	6.3	6.45	NaN	NaN	NaN	6.23	7.18	8.43	6.92	6.23	7.95	14.23	NaN	NaN	7.21	9.17	NaN	6.25	NaN	NaN	6.1	NaN	8.32	NaN	7.79	NaN	NaN
31.10.1996	6.06	6.1	NaN	NaN	NaN	6.01	6.83	7.76	6.51	5.97	7.64	14	NaN	NaN	6.78	8.23	NaN	5.93	NaN	NaN	5.88	NaN	7.59	NaN	7.19	NaN	NaN
30.11.1996	5.95	6	NaN	NaN	NaN	5.86	6.79	7.34	6.47	5.83	7.69	13.36	NaN	NaN	6.68	7.69	NaN	5.89	NaN	NaN	5.76	NaN	7.17	NaN	7.26	NaN	NaN
31.12.1996	5.86	5.9	NaN	NaN	NaN	5.79	6.63	7	6.34	5.74	7.68	12.42	NaN	NaN	6.61	7.57	NaN	5.81	NaN	NaN	5.72	NaN	6.95	NaN	6.85	NaN	NaN
31.01.1997	5.84	5.89	NaN	NaN	NaN	5.8	6.49	6.83	6.14	5.68	7.66	12.29	NaN	NaN	6.59	7.38	NaN	5.72	NaN	NaN	5.66	NaN	6.72	NaN	6.74	NaN	NaN
28.02.1997	5.58	5.65	NaN	NaN	NaN	5.55	6.25	6.74	5.91	5.46	7.29	10.87	NaN	NaN	6.32	7.36	NaN	5.45	NaN	NaN	5.47	NaN	6.66	NaN	6.68	NaN	NaN
31.03.1997	5.71	5.85	NaN	NaN	NaN	5.71	6.47	7.03	6.12	5.65	7.55	9.45	NaN	NaN	6.62	7.87	NaN	5.59	NaN	NaN	5.64	NaN	6.87	NaN	7.1	NaN	NaN
30.04.1997	5.9	6.02	NaN	NaN	NaN	5.87	6.62	6.95	6.36	5.8	7.74	9.33	NaN	NaN	6.69	7.74	NaN	5.7	NaN	NaN	5.79	NaN	6.8	NaN	7.24	NaN	NaN
31.05.1997	5.79	5.9	NaN	NaN	NaN	5.76	6.44	6.61	6.16	5.69	7.25	8.92	NaN	NaN	6.54	7.32	NaN	5.59	NaN	NaN	5.7	NaN	6.49	NaN	7.01	NaN	NaN
30.06.1997	5.78	5.83	NaN	NaN	NaN	5.72	6.4	6.47	6.09	5.65	7.24	9.15	NaN	NaN	6.49	7.07	NaN	5.69	NaN	NaN	5.62	NaN	6.41	NaN	6.8	NaN	NaN
31.07.1997	5.61	5.64	NaN	NaN	NaN	5.56	6.11	6.21	5.86	5.47	7.13	9.42	NaN	NaN	6.26	6.52	NaN	5.57	NaN	NaN	5.49	NaN	6.26	NaN	6.44	NaN	NaN
31.08.1997	5.7	5.75	NaN	NaN	NaN	5.66	6.24	6.31	5.9	5.58	7.17	9.63	NaN	NaN	6.33	6.66	NaN	5.62	NaN	NaN	5.6	NaN	6.35	NaN	6.53	NaN	NaN
30.09.1997	5.63	5.69	NaN	NaN	NaN	5.59	6.16	6.09	5.83	5.52	6.88	9.43	NaN	NaN	6.1	6.36	NaN	5.6	NaN	NaN	5.55	NaN	6.13	NaN	6.38	NaN	NaN
31.10.1997	5.62	5.69	NaN	NaN	NaN	5.58	6.07	5.97	5.75	5.59	6.57	9.3	NaN	NaN	5.99	6.2	NaN	5.6	NaN	NaN	5.57	NaN	5.98	NaN	6.22	NaN	NaN
30.11.1997	5.63	5.68	NaN	NaN	NaN	5.56	6.06	5.96	5.79	5.57	6.7	10.76	NaN	NaN	5.98	6.13	NaN	5.61	NaN	NaN	5.54	NaN	5.96	NaN	6.3	NaN	NaN
31.12.1997	5.4	5.45	NaN	NaN	NaN	5.33	5.74	5.64	5.58	5.32	6.43	10.48	NaN	NaN	5.61	5.74	NaN	5.43	NaN	NaN	5.29	NaN	5.67	NaN	6.03	NaN	NaN
31.01.1998	5.19	5.22	NaN	NaN	NaN	5.11	5.42	5.4	5.3	5.11	6.16	11.03	NaN	NaN	5.35	5.43	NaN	5.21	NaN	NaN	5.07	NaN	5.41	NaN	5.65	NaN	NaN
28.02.1998	5.07	5.11	NaN	NaN	NaN	4.99	5.32	5.24	5.16	5.03	6.1	11.04	NaN	NaN	5.23	5.38	NaN	5.08	NaN	NaN	5.01	NaN	5.32	NaN	5.53	NaN	NaN
31.03.1998	4.97	5.03	NaN	NaN	NaN	4.9	5.17	5.09	5.04	4.95	6.05	9.27	NaN	NaN	5.08	5.2	NaN	5	NaN	NaN	4.94	NaN	5.25	NaN	5.35	NaN	NaN
30.04.1998	4.97	5.03	NaN	NaN	NaN	4.9	5.13	5.06	5.01	4.96	5.88	8.11	NaN	NaN	5.05	5.15	NaN	4.99	NaN	NaN	4.95	NaN	5.17	NaN	5.21	NaN	NaN
31.05.1998	5.03	5.09	NaN	NaN	NaN	4.96	5.24	5.13	5.08	5.01	5.92	7.85	NaN	NaN	5.14	5.21	NaN	5.06	NaN	NaN	5	NaN	5.18	NaN	5.2	NaN	NaN
30.06.1998	4.89	4.96	NaN	NaN	NaN	4.8	4.99	5.02	4.95	4.86	5.87	7.74	NaN	NaN	5.03	5.08	NaN	4.94	NaN	NaN	4.85	NaN	5.06	NaN	4.97	NaN	NaN
31.07.1998	4.83	4.88	NaN	NaN	NaN	4.68	4.91	4.94	4.86	4.78	5.92	7.67	NaN	NaN	4.93	4.97	NaN	4.84	NaN	NaN	4.76	NaN	4.95	NaN	4.88	NaN	NaN
31.08.1998	4.62	4.66	NaN	NaN	NaN	4.42	4.81	4.74	4.68	4.52	5.63	7.56	NaN	NaN	4.68	4.79	NaN	4.56	NaN	NaN	4.53	NaN	4.76	NaN	4.8	NaN	NaN
30.09.1998	4.31	4.34	NaN	NaN	NaN	4.06	4.74	4.47	4.45	4.2	5.16	8.25	NaN	NaN	4.38	4.53	NaN	4.36	NaN	NaN	4.19	NaN	4.46	NaN	4.79	NaN	NaN
31.10.1998	4.3	4.28	NaN	NaN	NaN	4.06	4.67	4.43	4.45	4.17	4.99	8.45	NaN	NaN	4.35	4.49	NaN	4.3	NaN	NaN	4.14	NaN	4.43	NaN	4.72	NaN	NaN
30.11.1998	4.33	4.33	NaN	NaN	NaN	4.12	4.59	4.41	4.41	4.18	4.93	7.65	NaN	NaN	4.32	4.38	NaN	4.28	NaN	NaN	4.18	NaN	4.42	NaN	4.55	NaN	NaN
31.12.1998	4.05	4.09	NaN	NaN	NaN	3.86	4.27	4.07	4.06	3.91	4.54	7.17	NaN	NaN	4.02	4	NaN	4.09	NaN	NaN	3.95	NaN	4.12	NaN	4.22	NaN	NaN
31.01.1999	3.84	3.9	NaN	NaN	NaN	3.7	4.04	3.88	3.91	3.77	4.2	6.32	NaN	NaN	3.89	3.92	NaN	3.9	NaN	NaN	3.8	NaN	3.9	NaN	4.02	NaN	NaN
28.02.1999	3.98	4.04	NaN	NaN	NaN	3.85	4.19	4.02	4.04	3.93	4.37	5.96	NaN	NaN	4.02	4.05	NaN	3.93	NaN	NaN	3.93	NaN	4.02	NaN	4.18	NaN	NaN
31.03.1999	4.16	4.26	NaN	NaN	NaN	4.04	4.43	4.25	4.26	4.13	4.6	5.97	NaN	NaN	4.19	4.27	NaN	4.17	NaN	NaN	4.14	NaN	4.24	NaN	4.44	NaN	NaN
30.04.1999	4.03	4.11	NaN	NaN	NaN	3.85	4.22	4.08	4.07	3.98	4.54	5.85	NaN	NaN	3.95	4.11	NaN	4.01	NaN	NaN	4	NaN	4.13	NaN	4.24	NaN	NaN
31.05.1999	4.21	4.29	NaN	NaN	NaN	4.01	4.46	4.28	4.24	4.16	4.83	5.75	NaN	NaN	4.18	4.28	NaN	4.16	NaN	NaN	4.19	NaN	4.32	NaN	4.5	NaN	NaN
30.06.1999	4.54	4.64	NaN	NaN	NaN	4.36	4.81	4.61	4.58	4.47	5.09	6.02	NaN	NaN	4.59	4.62	NaN	4.37	NaN	NaN	4.51	NaN	4.66	NaN	4.87	NaN	NaN
31.07.1999	4.87	4.94	NaN	NaN	NaN	4.68	5.12	4.91	4.92	4.81	5.27	6.37	NaN	NaN	4.94	4.94	NaN	4.87	NaN	NaN	4.82	NaN	4.99	NaN	5.26	NaN	NaN
31.08.1999	5.1	5.18	NaN	NaN	NaN	4.88	5.38	5.17	5.15	5.01	5.31	6.66	NaN	NaN	5.16	5.13	NaN	5.18	NaN	NaN	5.03	NaN	5.22	NaN	5.49	NaN	NaN
30.09.1999	5.27	5.34	NaN	NaN	NaN	5.04	5.55	5.32	5.32	5.19	5.6	6.64	NaN	NaN	5.34	5.28	NaN	5.31	NaN	NaN	5.21	NaN	5.41	NaN	5.69	NaN	NaN
31.10.1999	5.53	5.58	NaN	NaN	NaN	5.29	5.76	5.56	5.56	5.43	5.78	7.03	NaN	NaN	5.57	5.52	NaN	5.54	NaN	NaN	5.45	NaN	5.62	NaN	5.92	NaN	NaN
30.11.1999	5.27	5.3	NaN	NaN	NaN	5.04	5.45	5.28	5.27	5.15	5.23	6.61	NaN	NaN	5.31	5.25	NaN	5.27	NaN	NaN	5.18	NaN	5.36	NaN	5.56	NaN	NaN
31.12.1999	5.35	5.41	NaN	NaN	NaN	5.15	5.5	5.37	5.37	5.27	5.36	6.39	NaN	NaN	5.39	5.36	NaN	5.26	NaN	NaN	5.28	NaN	5.46	NaN	5.59	NaN	NaN
31.01.2000	5.75	5.79	NaN	NaN	NaN	5.54	5.87	5.76	5.75	5.66	5.83	6.6	NaN	NaN	5.8	5.75	NaN	5.64	NaN	NaN	5.67	NaN	5.81	NaN	5.95	NaN	NaN
29.02.2000	5.77	5.79	NaN	NaN	NaN	5.51	5.85	5.73	5.72	5.62	5.63	6.48	NaN	NaN	5.76	5.73	NaN	5.71	NaN	NaN	5.66	NaN	5.78	NaN	5.9	NaN	NaN
31.03.2000	5.59	5.62	NaN	NaN	NaN	5.33	5.65	5.55	5.5	5.43	5.34	6.24	NaN	NaN	5.58	5.58	NaN	5.56	NaN	NaN	5.48	NaN	5.61	NaN	5.51	NaN	NaN
30.04.2000	5.49	5.52	NaN	NaN	NaN	5.22	5.57	5.45	5.46	5.33	5.3	6.09	NaN	NaN	5.46	5.47	NaN	5.42	NaN	NaN	5.38	NaN	5.52	NaN	5.42	NaN	NaN
31.05.2000	5.66	5.69	NaN	NaN	NaN	5.38	5.77	5.63	5.59	5.5	5.41	6.18	NaN	NaN	5.61	5.67	NaN	5.6	NaN	NaN	5.5	NaN	5.68	NaN	5.34	NaN	NaN
30.06.2000	5.51	5.53	NaN	NaN	NaN	5.19	5.67	5.45	5.39	5.32	5.21	6.06	NaN	NaN	5.43	5.51	NaN	5.38	NaN	NaN	5.31	NaN	5.54	NaN	5.13	NaN	NaN
31.07.2000	5.6	5.6	NaN	NaN	NaN	5.27	5.76	5.53	5.48	5.4	5.24	6.08	NaN	NaN	5.52	5.59	NaN	5.57	NaN	NaN	5.4	NaN	5.61	NaN	5.31	NaN	NaN
31.08.2000	5.54	5.56	NaN	NaN	NaN	5.21	5.64	5.5	5.43	5.36	5.32	6.04	NaN	NaN	5.47	5.56	NaN	5.49	NaN	NaN	5.36	NaN	5.57	NaN	5.31	NaN	NaN
30.09.2000	5.57	5.63	NaN	NaN	NaN	5.26	5.66	5.56	5.49	5.42	5.38	6.05	NaN	NaN	5.52	5.63	NaN	5.57	NaN	NaN	5.41	NaN	5.63	NaN	5.26	NaN	NaN
31.10.2000	5.52	5.58	NaN	NaN	NaN	5.21	5.57	5.5	5.45	5.36	5.2	5.97	NaN	NaN	5.46	5.58	NaN	5.51	NaN	NaN	5.35	NaN	5.58	NaN	5.23	NaN	NaN
30.11.2000	5.46	5.52	NaN	NaN	NaN	5.15	5.49	5.45	5.4	5.29	5.11	5.87	NaN	NaN	5.4	5.55	NaN	5.57	NaN	NaN	5.3	NaN	5.53	NaN	5.13	NaN	NaN
31.12.2000	5.21	5.28	NaN	NaN	NaN	4.89	5.2	5.2	5.14	5.04	4.95	5.54	NaN	NaN	5.14	5.3	NaN	5.21	NaN	NaN	5.03	NaN	5.28	NaN	4.92	NaN	NaN
31.01.2001	5.1	5.16	NaN	7.68	6.82	4.8	5.09	5.08	5.02	4.94	4.94	5.35	NaN	8.05	5.03	5.18	9.31	5.06	7.64	6.11	4.93	10.43	5.16	NaN	4.89	NaN	8.25
28.02.2001	5.1	5.16	NaN	7.68	6.5	4.78	5.06	5.12	5.02	4.93	4.95	5.35	NaN	8.34	5.01	5.18	9.77	5.08	7.82	6.11	4.92	10.23	5.14	NaN	4.86	NaN	8.17
31.03.2001	5.01	5.08	NaN	7.66	6.24	4.67	4.95	5.04	4.94	4.84	4.82	5.28	NaN	8.57	4.92	5.13	8.64	4.93	7.9	6.11	4.83	10.62	5.09	NaN	4.75	NaN	8.09
30.04.2001	5.16	5.21	NaN	7.63	6.25	4.83	5.14	5.18	5.1	5	5.03	5.39	NaN	8.61	5.09	5.28	8.5	5.05	7.9	6.11	5.02	10.61	5.26	NaN	4.93	NaN	8
31.05.2001	5.34	5.38	NaN	7.71	6.49	5.05	5.35	5.36	5.29	5.21	5.21	5.54	NaN	8.07	5.28	5.45	8.46	5.3	7.54	6.11	5.22	11.26	5.42	NaN	5.27	NaN	8.02
30.06.2001	5.27	5.33	NaN	7.7	6.72	5	5.33	5.33	5.26	5.15	5.3	5.48	NaN	7.8	5.23	5.4	8.46	5.14	7.6	6.14	5.17	11.66	5.38	NaN	5.38	NaN	8.05
31.07.2001	5.29	5.35	NaN	7.69	6.85	5.02	5.32	5.35	5.27	5.15	5.3	5.51	NaN	7.77	5.23	5.42	8.46	5.05	7.75	6.17	5.17	11.79	5.39	NaN	5.42	NaN	8.04
31.08.2001	5.1	5.15	NaN	7.55	6.76	4.82	5.12	5.16	5.06	4.95	5.07	5.33	NaN	7.76	5.01	5.21	8.01	4.81	7.66	6.29	4.98	11.86	5.19	NaN	5.16	NaN	7.99
30.09.2001	5.08	5.14	NaN	7.55	6.47	4.81	5.11	5.14	5.06	4.94	5.02	5.31	NaN	7.94	5.01	5.2	7.99	4.67	7.58	6.3	4.98	11.49	5.17	NaN	5.26	NaN	8.1
31.10.2001	4.85	4.89	NaN	7.55	5.84	4.6	4.86	4.91	4.83	4.72	4.86	5.07	NaN	7.98	4.77	4.96	7.62	4.41	7.48	6.3	4.76	10.31	4.92	NaN	5.17	NaN	8.08
30.11.2001	4.7	4.75	NaN	7.55	5.4	4.45	4.67	4.76	4.69	4.57	4.67	4.9	NaN	7.38	4.63	4.8	6.28	4.29	7.08	6.27	4.62	9.04	4.76	NaN	4.96	NaN	7.97
31.12.2001	4.95	4.97	NaN	7.55	5.43	4.74	4.97	4.97	4.98	4.87	4.94	5.13	NaN	7.07	4.93	5.05	6.34	4.51	6.93	6.24	4.89	8.88	5.01	NaN	5.24	NaN	7.75
31.01.2002	5.06	5.08	NaN	7.55	5.32	4.86	5.08	5.05	5.05	4.93	5.02	5.24	NaN	6.77	5.02	5.14	6.47	4.84	6.35	6.18	4.97	8.26	5.08	NaN	5.27	NaN	7.41
28.02.2002	5.12	5.15	NaN	7.11	5.31	4.92	5.14	5.11	5.1	4.99	5.04	5.31	NaN	6.82	5.2	5.2	6.43	4.91	5.98	6.12	5.03	8.33	5.15	NaN	5.36	NaN	7.32
31.03.2002	5.36	5.37	NaN	5.37	5.55	5.16	5.4	5.34	5.33	5.24	5.34	5.5	NaN	6.94	5.42	5.41	5.92	5.16	5.8	6.04	5.27	8.33	5.39	NaN	5.63	9.62	7.37
30.04.2002	5.35	5.37	NaN	5.37	5.42	5.15	5.4	5.33	5.32	5.24	5.33	5.51	NaN	6.82	5.41	5.4	6.15	5.19	5.78	5.88	5.25	8.21	5.39	NaN	5.69	9.52	7.47
31.05.2002	5.37	5.38	NaN	5.37	5.3	5.17	5.42	5.36	5.4	5.26	5.35	5.52	NaN	7.11	5.41	5.41	6.15	5.15	5.59	5.85	5.31	8.02	5.4	NaN	5.69	9.22	7.68
30.06.2002	5.22	5.24	NaN	5.37	5.13	5.02	5.27	5.23	5.26	5.11	5.19	5.37	NaN	7.56	5.25	5.25	6.1	5.09	5.38	5.83	5.16	7.55	5.26	NaN	5.52	9.19	7.83
31.07.2002	5.06	5.09	NaN	5.37	4.79	4.87	5.13	5.07	5.1	4.96	5.02	5.21	NaN	7.68	5.11	5.11	6	4.87	5.34	5.77	4.99	7.59	5.12	NaN	5.37	9.08	7.64
31.08.2002	4.77	4.8	NaN	5.37	4.57	4.59	4.88	4.78	4.81	4.67	4.67	4.95	NaN	7.47	4.84	4.83	6	4.7	5.34	5.74	4.71	7.26	4.85	NaN	5.13	8.94	7.24
30.09.2002	4.57	4.6	NaN	5.37	4.48	4.38	4.74	4.57	4.61	4.46	4.45	4.73	NaN	7.38	4.63	4.62	5.92	4.33	5.14	5.74	4.5	6.78	4.63	NaN	4.97	8.91	6.6
31.10.2002	4.64	4.66	NaN	5.37	4.29	4.46	4.81	4.63	4.68	4.55	4.53	4.79	NaN	7.21	4.7	4.76	5.87	4.11	4.88	5.56	4.58	6.26	4.7	NaN	5.07	8.9	6.11
30.11.2002	4.62	4.64	NaN	5.37	4.21	4.48	4.79	4.6	4.66	4.53	4.55	4.76	NaN	6.76	4.67	4.74	5.87	4.11	4.79	5.57	4.55	5.95	4.66	NaN	5.05	7.1	5.43
31.12.2002	4.43	4.46	NaN	5.37	4.15	4.33	4.61	4.42	4.45	4.38	4.49	4.58	NaN	6.5	4.46	4.55	5.87	3.97	4.53	5.55	4.36	5.73	4.45	NaN	4.89	6.65	5.12
31.01.2003	4.22	4.28	7.2	5.29	4.1	4.18	4.43	4.24	4.26	4.22	4.31	4.43	NaN	6.33	4.27	4.38	5.85	3.62	4.62	5.54	4.19	5.66	4.27	NaN	4.7	6.65	4.98
28.02.2003	4.01	4.11	6.93	4.83	3.81	3.95	4.21	4.01	4.05	4.01	4.29	4.24	NaN	6.34	4.06	4.16	5.67	3.55	4.77	5.51	3.97	5.66	4.04	NaN	4.47	6.65	4.92
31.03.2003	4.03	4.15	6.93	4.83	3.75	4	4.26	4.04	4.09	4.1	4.41	4.26	NaN	6.41	4.09	4.18	5.67	3.55	4.99	5.4	4.01	5.52	4.08	NaN	4.57	6.65	5.01
30.04.2003	4.16	4.29	6.79	4.8	3.92	4.15	4.41	4.19	4.23	4.22	4.56	4.38	NaN	6.33	4.22	4.31	5.65	3.55	4.99	5.25	4.23	5.41	4.18	NaN	4.72	6.65	4.9
31.05.2003	3.85	3.95	6.78	4.63	3.73	3.82	4.09	3.88	3.91	3.89	4.31	4.02	NaN	5.97	3.89	4.04	5.63	3.55	4.95	5.14	3.91	5.12	3.91	NaN	4.37	6.65	4.72
30.06.2003	3.76	3.74	6.78	4.63	3.49	3.62	3.85	3.69	3.7	3.69	4.19	3.81	NaN	6.33	3.69	3.82	5.5	2.85	4.89	5.11	3.72	5.03	3.77	NaN	4.2	6.65	4.7
31.07.2003	4.06	4.06	5.95	4.59	4.06	3.97	4.17	4.03	4.01	4.01	4.47	4.12	NaN	6.86	4.01	4.13	5.38	2.85	4.78	4.95	4.04	5.37	4.1	NaN	4.51	6.65	4.8
31.08.2003	4.22	4.22	5.91	4.59	4.23	4.13	4.35	4.19	4.18	4.16	4.64	4.29	NaN	7.11	4.17	4.29	5.04	3.17	4.8	4.78	4.18	5.61	4.26	NaN	4.7	6.65	4.92
30.09.2003	4.24	4.25	5.91	4.59	4.26	4.17	4.4	4.21	4.2	4.23	4.76	4.32	NaN	7.06	4.19	4.31	5.04	3.22	4.96	4.73	4.21	5.93	4.29	NaN	4.73	6.65	5.02
31.10.2003	4.32	4.31	6.06	4.64	4.47	4.22	4.44	4.27	4.26	4.28	4.96	4.38	NaN	7.08	4.25	4.38	4.82	3.2	4.98	4.68	4.27	6.36	4.36	NaN	4.85	6.16	5.08
30.11.2003	4.44	4.43	6.06	4.75	4.75	4.35	4.57	4.4	4.39	4.41	5.1	4.51	NaN	7.82	4.39	4.51	4.81	3.38	5.01	4.7	4.41	6.9	4.48	NaN	4.98	5.54	5.36
31.12.2003	4.38	4.38	6.06	4.75	4.82	4.29	4.52	4.34	4.33	4.34	4.94	4.45	NaN	8.24	4.36	4.46	4.81	3.29	5.07	4.71	4.33	6.76	4.4	NaN	4.86	5.27	5.42
31.01.2004	4.27	4.26	6.06	4.75	4.68	4.17	4.35	4.19	4.16	4.2	4.84	4.37	NaN	8.36	4.2	4.32	4.81	3.01	5.06	4.71	4.18	6.67	4.25	NaN	4.65	5.14	5.16
29.02.2004	4.23	4.26	5.54	4.79	4.85	4.11	4.3	4.14	4.11	4.14	4.88	4.35	NaN	8.65	4.15	4.34	4.81	2.94	5.05	4.7	4.12	6.82	4.19	NaN	4.55	5.01	5.11
31.03.2004	4.05	4.07	5.48	5.17	4.59	3.91	4.1	4.01	3.92	3.98	4.76	4.17	NaN	8.04	3.97	4.17	4.64	2.69	4.98	4.7	3.93	6.65	4	NaN	4.31	4.99	5.09
30.04.2004	4.24	4.26	5.36	5.17	4.68	4.1	4.3	4.2	4.1	4.18	4.99	4.35	NaN	7.89	4.17	4.35	4.55	2.77	4.89	4.65	4.13	7.02	4.25	NaN	4.55	4.83	5.06
31.05.2004	4.37	4.4	5.3	5.17	4.95	4.25	4.46	4.33	4.25	4.34	5.15	4.49	NaN	8.25	4.31	4.49	4.46	3.05	4.95	4.65	4.37	7.32	4.42	NaN	4.68	4.77	5.13
30.06.2004	4.42	4.46	5.3	5.49	5.09	4.31	4.53	4.39	4.48	4.39	5.24	4.55	NaN	8.55	4.38	4.54	4.47	3.12	4.93	4.65	4.42	7.27	4.47	NaN	4.72	4.69	5.09
31.07.2004	4.31	4.34	5.3	6.58	5.17	4.24	4.62	4.28	4.37	4.27	5.14	4.44	NaN	8.47	4.27	4.44	4.58	3.04	4.89	4.65	4.31	7.44	4.35	NaN	4.57	4.64	5.03
31.08.2004	4.15	4.18	5.3	6.58	5.09	4.08	4.45	4.15	4.21	4.11	5.03	4.28	NaN	8.44	4.09	4.28	4.57	2.86	4.88	4.7	4.15	7.36	4.18	NaN	4.42	4.66	5.02
30.09.2004	4.09	4.11	5.3	6.58	5.09	4.02	4.38	4.08	4.14	4.09	4.95	4.22	NaN	8.58	4.04	4.25	4.56	2.83	4.87	4.7	4.09	6.96	4.12	NaN	4.37	4.63	5.04
31.10.2004	3.97	3.98	5.24	6.58	4.89	3.89	4.23	3.97	4.01	3.98	4.81	4.11	NaN	8.23	3.92	4.13	4.38	2.69	4.63	4.71	3.96	6.8	3.99	NaN	4.25	4.47	5.08
30.11.2004	3.84	3.85	5.13	6.45	4.63	3.78	4.09	3.85	3.89	3.86	4.74	3.97	NaN	7.64	3.8	4	4.25	2.59	4.58	4.7	3.85	6.45	3.86	NaN	4.13	4.3	4.92
31.12.2004	3.63	3.66	5.01	6.26	4.14	3.58	3.85	3.64	3.68	3.64	4.58	3.77	NaN	7.17	3.62	3.79	3.95	2.54	4.58	4.7	3.63	6	3.64	NaN	3.9	4.07	4.58
31.01.2005	3.56	3.59	4.48	6.13	3.91	3.56	3.73	3.59	3.6	3.58	4.6	3.69	NaN	7.21	3.52	3.71	3.85	2.55	4.29	4.71	3.56	5.97	3.56	NaN	3.84	3.87	4.04
28.02.2005	3.55	3.57	4.21	6.06	3.62	3.54	3.64	3.58	3.57	3.6	4.66	3.69	NaN	6.84	3.51	3.68	3.8	2.56	4.03	4.72	3.55	5.73	3.55	NaN	3.76	3.92	3.8
31.03.2005	3.7	3.76	4.17	5.89	3.69	3.7	3.81	3.74	3.72	3.75	4.87	3.92	NaN	6.83	3.66	3.84	3.73	2.58	3.94	4.72	3.69	5.55	3.7	NaN	3.86	3.88	3.6
30.04.2005	3.5	3.6	4.16	5.87	3.7	3.48	3.58	3.53	3.51	3.54	4.67	3.76	NaN	6.91	3.46	3.65	3.82	2.45	3.87	4.71	3.48	5.49	3.5	6.75	3.58	3.95	3.76
31.05.2005	3.41	3.43	4.16	5.84	3.49	3.3	3.39	3.36	3.33	3.38	4.45	3.6	NaN	7	3.28	3.55	3.87	2.28	3.87	4.66	3.3	5.35	3.35	6.75	3.34	3.92	3.54
30.06.2005	3.23	3.26	3.9	5.13	3.31	3.13	3.16	3.18	3.16	3.2	4.31	3.44	NaN	6.59	3.13	3.4	3.78	2.12	3.87	4.56	3.13	4.91	3.19	7.07	3.11	3.9	3.36
31.07.2005	3.27	3.3	3.68	4.84	3.34	3.2	3.21	3.22	3.18	3.27	4.31	3.46	NaN	6.13	3.18	3.44	3.61	2.17	3.87	4.55	3.27	4.72	3.35	7.13	3.06	3.78	3.22
31.08.2005	3.28	3.31	3.66	4.84	3.36	3.23	3.24	3.23	3.21	3.3	4.34	3.47	NaN	5.85	3.22	3.45	3.5	2.25	3.87	4.43	3.28	4.88	3.39	7.13	3.14	3.79	3.24
30.09.2005	3.12	3.14	3.6	4.81	3.25	3.07	3.05	3.09	3.05	3.13	4.25	3.3	NaN	5.64	3.04	3.29	3.5	2.19	3.87	4.41	3.12	4.57	3.23	7.13	2.98	3.74	3.13
31.10.2005	3.27	3.3	3.49	4.22	3.45	3.24	3.22	3.28	3.19	3.29	4.4	3.45	NaN	6.49	3.19	3.44	3.5	2.42	3.87	4.41	3.28	4.91	3.39	6.84	3.17	3.62	3.25
30.11.2005	3.48	3.49	3.49	4.22	3.78	3.45	3.46	3.48	3.4	3.5	4.37	3.67	NaN	6.81	3.4	3.65	3.63	2.65	3.56	4.39	3.48	5.38	3.58	6.98	3.39	3.62	3.7
31.12.2005	3.36	3.39	3.49	4.09	3.61	3.34	3.35	3.37	3.3	3.38	4.27	3.57	4.42	6.89	3.36	3.55	3.79	2.74	3.59	4.39	3.35	5.16	3.46	7.15	3.37	3.69	3.62
31.01.2006	3.33	3.37	3.66	3.96	3.39	3.32	3.31	3.33	3.28	3.34	3.97	3.6	4.04	6.66	3.32	3.54	3.62	2.82	3.6	4.39	3.33	4.95	3.45	7.07	3.33	3.73	3.59
28.02.2006	3.48	3.54	3.68	3.96	3.43	3.47	3.48	3.48	3.44	3.51	4.05	3.77	3.93	6.71	3.47	3.7	3.53	2.82	3.6	4.38	3.48	4.79	3.6	6.97	3.42	3.72	3.75
31.03.2006	3.65	3.7	3.9	3.97	3.58	3.64	3.7	3.65	3.62	3.69	4.19	3.95	3.91	7	3.65	3.92	3.75	2.82	3.6	4.35	3.66	4.79	3.77	7.07	3.55	3.8	4.01
30.04.2006	3.92	3.96	3.96	4.07	3.85	3.89	3.98	3.92	3.88	3.95	4.37	4.23	4.2	7	3.9	4.22	3.92	2.82	3.6	4.19	3.92	5.03	4.03	6.94	3.84	3.73	4.27
31.05.2006	4.03	4.03	4.34	4.07	3.93	3.96	4.02	3.99	3.94	4	4.49	4.3	4.44	6.85	3.96	4.29	4.13	3.08	3.6	4.24	3.96	5.27	4.07	7.04	3.89	3.73	4.5
30.06.2006	4.03	4.02	4.35	4.03	4.04	3.96	4.03	3.99	4.02	4.01	4.5	4.31	4.51	7.26	3.98	4.29	4.34	3.38	4.14	4.27	3.97	5.55	4.1	7.12	3.93	3.86	4.66
31.07.2006	4.05	4.04	4.43	4.21	4.03	4.01	4.06	4.02	4.07	4.03	4.49	4.33	4.64	7.55	4	4.31	4.28	3.49	4.32	4.31	3.99	5.56	4.14	7.11	3.96	3.86	5.42
31.08.2006	3.92	3.92	4.66	4.28	3.87	3.88	3.93	3.89	3.94	3.9	4.49	4.19	4.64	7.49	3.88	4.17	4.28	3.58	4.36	4.34	3.9	5.62	4.06	7.41	3.84	3.92	5.13
30.09.2006	3.79	3.79	4.4	4.28	3.92	3.75	3.79	3.76	3.8	3.77	4.43	4.06	4.69	7.58	3.76	4.04	4.28	3.67	4.38	4.34	3.78	5.48	3.93	7.49	3.7	3.98	4.79
31.10.2006	3.83	3.83	4.26	4.26	3.92	3.79	3.88	3.81	3.84	3.81	4.51	4.08	4.75	7.47	3.78	4.07	4.28	3.67	4.55	4.34	3.82	5.4	3.98	7.56	3.73	4.02	4.42
30.11.2006	3.76	3.76	4.38	4.26	3.87	3.71	3.77	3.75	3.75	3.74	4.45	3.98	4.7	7.01	3.72	3.97	4.28	3.72	4.95	4.34	3.75	5.2	3.89	7.55	3.62	3.99	4.25
31.12.2006	3.81	3.82	4.18	4.26	3.77	3.77	3.78	3.82	3.82	3.81	4.54	4.04	4.72	6.81	3.76	4.04	4.28	3.77	4.9	4.33	3.82	5.14	3.96	7.42	3.65	3.9	4.15
31.01.2007	4.06	4.06	4.27	4.36	3.94	4.02	4	4.07	4.05	4.07	4.94	4.28	4.75	6.96	4.04	4.26	4.28	3.83	4.92	4.34	4.05	5.17	4.18	7.39	3.9	4.23	4.25
28.02.2007	4.09	4.11	4.24	4.42	3.89	4.05	4.05	4.1	4.08	4.1	4.97	4.3	4.67	6.96	4.07	4.28	4.28	3.91	5.07	4.38	4.07	5.19	4.19	7.52	3.93	4.34	4.28
31.03.2007	3.99	4.01	4.22	4.47	3.87	3.94	3.96	4.01	3.98	4	4.88	4.2	4.48	6.79	3.97	4.18	4.24	4.02	5.14	4.38	3.98	5.19	4.1	7.53	3.79	4.34	4.24
30.04.2007	4.21	4.22	4.28	4.44	4.01	4.15	4.18	4.21	4.2	4.21	5.11	4.4	4.47	6.65	4.19	4.37	4.18	4.26	5.52	4.44	4.19	5.28	4.3	7.39	4.04	4.41	4.26
31.05.2007	4.33	4.34	4.26	4.44	4.13	4.28	4.34	4.34	4.33	4.34	5.2	4.51	4.63	6.53	4.32	4.49	4.36	4.63	6.03	4.61	4.33	5.29	4.44	7.39	4.15	4.49	4.4
30.06.2007	4.63	4.64	4.57	4.44	4.47	4.56	4.64	4.62	4.62	4.62	5.49	4.8	4.88	6.71	4.62	4.77	4.57	4.85	5.62	5.12	4.61	5.52	4.75	6.99	4.44	4.79	4.66
31.07.2007	4.59	4.62	4.79	4.44	4.54	4.5	4.58	4.6	4.59	4.58	5.46	4.79	5.04	6.58	4.59	4.76	4.89	4.84	5.28	5.18	4.56	5.6	4.73	6.83	4.45	4.72	4.7
31.08.2007	4.38	4.44	4.79	4.44	4.45	4.3	4.39	4.4	4.39	4.39	5.19	4.62	5.1	6.8	4.4	4.58	4.8	4.68	5.32	4.94	4.38	5.68	4.55	6.87	4.25	4.82	4.65
30.09.2007	4.33	4.39	4.44	4.45	4.57	4.22	4.36	4.36	4.34	4.36	5.05	4.56	5.15	6.67	4.32	4.57	4.72	4.64	5.21	4.85	4.34	5.69	4.5	6.84	4.22	4.68	4.61
31.10.2007	4.4	4.42	4.59	4.6	4.53	4.28	4.39	4.38	4.38	4.4	5	4.58	5.22	6.61	4.39	4.59	4.72	4.63	5.06	4.92	4.38	5.64	4.52	6.85	4.31	4.58	4.64
30.11.2007	4.21	4.28	4.94	4.6	4.55	4.09	4.21	4.25	4.22	4.23	4.74	4.43	5.37	6.74	4.31	4.45	4.57	4.56	5.12	4.72	4.21	5.7	4.36	6.96	4.22	4.4	4.59
31.12.2007	4.35	4.41	5.08	4.6	4.68	4.21	4.33	4.35	4.34	4.35	4.7	4.53	5.44	6.93	4.45	4.54	4.94	4.68	5.1	4.81	4.34	5.86	4.47	7.05	4.31	4.55	4.61
31.01.2008	4.22	4.25	5.07	4.6	4.56	4.03	4.15	4.18	4.14	4.15	4.26	4.4	5.55	7.11	4.25	4.4	4.73	4.47	5.71	4.63	4.13	5.81	4.31	7.15	4.09	4.39	4.48
29.02.2008	4.18	4.23	5.24	4.6	4.53	3.95	4.08	4.15	4.06	4.08	4.45	4.36	5.78	7.58	4.21	4.35	4.51	4.42	5.11	4.6	4.05	5.82	4.27	7.29	4.02	4.32	4.36
31.03.2008	4.14	4.23	4.85	4.6	4.68	3.8	4.04	4.12	4	4.02	4.42	4.42	5.83	8.41	4.17	4.38	4.36	4.37	5.25	4.49	3.97	5.99	4.36	7.34	3.92	4.33	4.34
30.04.2008	4.34	4.37	4.8	4.6	4.72	4.04	4.29	4.32	4.22	4.27	4.62	4.54	5.79	8.02	4.44	4.53	4.59	4.55	5.93	4.77	4.21	5.99	4.52	7.35	4.06	4.47	4.46
31.05.2008	4.48	4.51	4.95	4.6	4.84	4.2	4.42	4.43	4.47	4.41	4.84	4.74	5.71	8.08	4.58	4.7	4.8	4.67	5.93	4.91	4.36	6.1	4.6	7.26	4.18	4.61	4.52
30.06.2008	4.8	4.84	5.17	4.6	5.13	4.52	4.82	4.79	4.78	4.73	5.16	5.17	5.76	8.5	4.91	5.11	5.33	4.98	6.25	5.26	4.73	6.42	4.96	7.15	4.43	4.95	4.94
31.07.2008	4.78	4.85	5.17	4.6	4.9	4.49	4.78	4.8	4.77	4.69	5	5.15	5.81	8.11	4.92	5.09	5.49	5.01	6.57	5.28	4.69	6.45	4.95	7.28	4.37	5.02	5.06
31.08.2008	4.48	4.58	5.17	4.6	4.47	4.2	4.49	4.56	4.47	4.4	4.68	4.87	5.87	7.77	4.59	4.81	5.47	4.78	6.6	5.12	4.4	6.11	4.69	8.2	4.11	4.68	4.95
30.09.2008	4.46	4.56	5.17	4.6	4.42	4.09	4.37	4.57	4.43	4.36	4.57	4.88	5.94	7.99	4.56	4.8	5.45	4.84	6.6	5.04	4.35	5.89	4.66	8.32	3.9	4.68	4.98
31.10.2008	4.33	4.46	5.17	4.6	4.53	3.88	4.43	4.46	4.33	4.18	4.52	4.93	6.26	9.57	4.55	4.78	5.4	4.68	6.6	4.81	4.23	6.35	4.56	8.27	3.57	4.66	4.95
30.11.2008	4.19	4.26	6	4.6	4.52	3.56	4.06	4.15	4.09	3.98	4.13	5.09	7.07	9.41	4.56	4.74	8.16	4.35	7.6	4.61	3.96	6.23	4.35	8.38	3.34	4.61	4.92
31.12.2008	3.9	3.87	7.76	4.6	4.3	3.05	3.5	3.86	3.72	3.54	3.36	5.08	7.13	8.31	4.57	4.47	9	4.17	9.03	4.17	3.65	5.7	4	8.38	2.67	4.56	4.72
31.01.2009	4	4.13	7.14	4.6	4.21	3.07	3.44	4.15	3.87	3.6	3.17	5.6	6.83	8.76	5.2	4.62	13.95	4.17	10.64	4.35	3.76	5.46	4.32	9.23	2.8	4.7	4.69
28.02.2009	4.21	4.24	7.09	4.6	4.74	3.13	3.55	4.23	3.93	3.68	3.23	5.7	6.82	10.65	5.65	4.54	14.5	4.33	11.5	4.53	3.8	5.97	4.52	8.42	2.93	4.87	4.76
31.03.2009	4.16	4.03	7.73	4.6	5.16	3.02	3.44	4.06	3.81	3.65	3	5.87	7.81	11.65	5.76	4.46	14.5	4.3	11.32	4.58	3.66	6.22	4.68	9.38	2.94	4.71	4.71
30.04.2009	4.04	3.93	7.24	4.6	5.25	3.13	3.5	4.01	3.78	3.66	3.16	5.5	8.4	10.63	5.34	4.36	14.5	4.54	11.15	4.63	3.77	6.19	4.53	9.77	3.18	4.77	4.93
31.05.2009	4.1	4.03	7.08	4.6	5.06	3.37	3.62	4.06	3.91	3.8	3.41	5.22	8.44	10.01	5.27	4.42	14.5	4.59	11.09	4.71	3.85	6.31	4.29	8.32	3.57	4.76	5.03
30.06.2009	4.32	4.12	7.3	4.6	5.45	3.47	3.76	4.25	3.98	3.9	3.52	5.33	8.23	10.15	5.73	4.61	14.5	4.74	12.75	4.79	3.96	6.34	4.5	11.26	3.62	4.69	5.08
31.07.2009	4.04	3.92	7.56	4.6	5.41	3.34	3.74	4.01	3.77	3.73	3.55	4.89	8.53	8.81	5.45	4.37	14.5	4.46	12.75	4.61	3.76	6.19	4.25	11.46	3.37	4.33	5.04
31.08.2009	3.76	3.77	7.77	4.6	5.09	3.31	3.6	3.79	3.63	3.59	3.45	4.52	8.56	8.4	4.92	4.12	14.5	4.15	12.81	4.51	3.61	6.08	3.95	11.46	3.45	4.07	4.9
30.09.2009	3.75	3.72	7.45	4.6	5.01	3.26	3.65	3.81	3.62	3.59	3.42	4.56	8.6	7.91	4.91	4.09	14.5	3.94	13.27	4.49	3.58	6.17	3.94	11	3.38	3.96	4.65
31.10.2009	3.65	3.68	7.08	4.6	4.5	3.21	3.6	3.78	3.57	3.56	3.34	4.57	8.64	7.45	4.77	4.1	14.5	3.85	13.51	4.44	3.53	6.15	3.85	9.13	3.25	3.86	4.33
30.11.2009	3.6	3.64	6.53	4.6	4.19	3.22	3.62	3.79	3.53	3.56	3.46	4.84	6.91	7.37	4.82	4.06	14.5	3.87	13.75	4.45	3.52	6.14	3.8	8.24	3.27	3.87	4.23
31.12.2009	3.61	3.61	6.61	4.6	3.98	3.14	3.53	3.81	3.46	3.48	3.6	5.49	6.22	7.69	4.88	4.01	9.1	3.8	13.75	4.41	3.44	6.22	3.91	8.66	3.24	3.91	4.12
31.01.2010	3.75	3.75	6.65	4.6	4.28	3.26	3.57	3.99	3.49	3.52	4.01	6.02	5.95	7.62	4.83	4.08	8.15	3.76	13.76	4.5	3.47	6.13	4.17	9.05	3.37	4	4.11
28.02.2010	3.66	3.73	6.05	4.6	4.33	3.17	3.5	3.98	3.38	3.5	4.02	6.46	5.64	7.69	4.73	4.05	7.15	3.69	13.62	4.49	3.36	6.09	4.56	7.92	3.28	3.84	4.08
31.03.2010	3.53	3.63	5.82	4.6	4.02	3.1	3.4	3.83	3.26	3.44	3.98	6.24	6.43	7.16	4.53	3.94	5.15	3.6	10.54	4.33	3.37	5.72	4.31	7.11	3.2	3.94	4.01
30.04.2010	3.46	3.54	5.94	4.6	3.84	3.06	3.34	3.9	3.36	3.4	3.96	7.83	6.22	6.57	4.76	4	5.15	3.51	10.13	4.18	3.32	5.57	4.78	6.97	3.14	3.94	3.93
31.05.2010	3.21	3.31	6.13	4.6	4.1	2.73	2.93	4.08	3.03	3.08	3.6	7.97	6.1	7.07	4.86	3.98	5.15	3.17	10.13	4.14	3.02	5.72	5.02	7.27	2.73	3.82	3.82
30.06.2010	3.2	3.47	6.21	4.6	4.26	2.54	2.7	4.56	2.92	3.07	3.14	9.1	6.29	7.6	5.31	4.1	5.15	3.01	10.12	4.13	2.9	5.87	5.54	7.1	2.61	3.83	3.73
31.07.2010	3.06	3.29	6.05	4.6	3.97	2.62	2.72	4.43	2.85	2.99	2.97	10.34	6.56	7.39	5.32	4.03	5.15	2.98	10	4.13	2.85	5.84	5.49	7.18	2.7	3.87	3.93
31.08.2010	2.77	3.03	5.99	4.6	3.56	2.35	2.45	4.04	2.62	2.68	2.68	10.7	6.48	7.07	5.3	3.8	5.15	2.65	10	4.01	2.56	5.62	5.31	7.15	2.45	3.67	3.73
30.09.2010	2.8	3.12	5.9	4.6	3.34	2.3	2.4	4.09	2.58	2.68	2.84	11.34	6.44	7.04	6.14	3.86	5.15	2.67	9.97	3.9	2.52	5.49	6.08	7.14	2.53	3.64	3.59
31.10.2010	2.82	3.21	5.82	4.6	3.43	2.35	2.46	4.04	2.63	2.72	2.8	9.57	6.41	6.87	6.42	3.8	5.15	2.73	9.24	3.9	2.58	5.53	6.05	7.02	2.64	3.56	3.67
30.11.2010	3.01	3.48	5.74	4.6	3.59	2.53	2.65	4.69	2.82	3	3.03	11.52	6.43	7.38	8.22	4.18	5.15	2.94	8.99	4.12	2.79	5.82	6.91	7.04	2.86	3.77	3.8
31.12.2010	3.43	3.99	5.76	4.6	3.89	2.91	3.01	5.38	3.19	3.34	3.34	12.01	6.47	7.92	8.45	4.6	5.15	3.32	7.55	4.42	3.15	5.98	6.53	7.09	3.21	4.11	4.06
31.01.2011	3.54	4.14	5.56	4.6	3.98	3.02	3.05	5.38	3.27	3.44	3.61	11.73	6.55	7.7	8.75	4.73	5.15	3.3	5.38	4.51	3.23	6.26	6.95	6.66	3.28	4.29	4.16
28.02.2011	3.68	4.21	5.48	4.6	4.05	3.2	3.23	5.26	3.41	3.6	3.77	11.4	6.57	7.39	9.1	4.74	5.15	3.45	6.17	4.6	3.41	6.26	7.34	7.03	3.41	4.26	4.24
31.03.2011	3.68	4.21	5.38	4.6	4.05	3.21	3.29	5.25	3.45	3.61	3.54	12.44	6.25	7.29	9.67	4.88	5.15	3.47	6.49	4.68	3.42	6.27	7.8	7.31	3.35	4.3	4.32
30.04.2011	3.76	4.29	5.33	4.6	4.05	3.34	3.42	5.33	3.57	3.69	3.56	13.86	6.1	7.05	9.79	4.84	5.12	3.58	6.47	4.73	3.65	6.14	9.19	7.3	3.3	4.53	4.33
31.05.2011	3.53	4.21	5.39	4.6	3.89	3.06	3.13	5.32	3.32	3.49	3.26	15.94	6.03	7.11	10.64	4.76	5.05	3.29	6.36	4.63	3.4	6.06	9.63	7.26	3.01	4.43	4.33
30.06.2011	3.43	4.14	5.39	5.78	3.77	2.89	2.96	5.48	3.29	3.43	3.12	16.69	6.04	7.22	11.43	4.82	5.05	3.15	5.87	4.63	3.28	5.88	10.87	7.42	2.89	4.58	4.39
31.07.2011	3.35	4.22	5.36	6.25	3.79	2.74	3.02	5.83	3.16	3.4	2.98	16.15	6.24	7.35	12.45	5.46	5.05	3.03	5.67	4.59	3.17	5.81	12.15	7.41	2.75	4.89	4.55
31.08.2011	2.84	4.11	5.32	6.42	3.4	2.21	2.49	5.25	2.68	2.98	2.4	15.9	6.46	7.49	9.57	5.27	5.05	2.59	5.6	4.32	2.68	5.7	10.93	7.3	2.17	4.99	4.55
30.09.2011	2.64	3.88	5.3	7	3	1.83	2.07	5.2	2.35	2.64	2.18	17.78	6.6	7.64	8.51	5.75	5.09	2.27	5.6	4.14	2.34	5.74	11.34	7.28	1.83	4.86	4.25
31.10.2011	2.92	4.2	5.27	7	3.14	2	2.23	5.25	2.51	2.99	2.24	18.04	6.81	7.88	8.1	5.97	5.06	2.37	5.62	4.26	2.46	5.71	11.72	7.72	1.9	5.16	4.33
30.11.2011	3.36	4.84	5.27	7	3.67	1.87	2	6.2	2.54	3.41	1.96	17.92	7.15	8.53	8.51	7.06	5.25	2.31	5.73	4.35	2.45	5.8	11.89	7.43	1.69	6.46	4.71
31.12.2011	3.1	4.35	5.23	7	3.7	1.93	1.86	5.53	2.52	3.16	1.81	21.14	7.67	8.97	8.7	6.81	5.75	2.27	5.93	4.43	2.38	5.84	13.08	7.39	1.68	6.9	5.21
31.01.2012	3.27	4.11	5.3	7	3.39	1.82	1.74	5.41	2.28	3.18	2.04	25.91	7.54	9.51	7.71	6.54	5.35	2.07	5.74	4.3	2.2	5.68	13.85	7.02	1.7	6.74	5.22
29.02.2012	3	3.7	5.31	7	3.12	1.85	1.84	5.11	2.34	3.02	2.13	29.24	7.26	8.6	7.02	5.55	5.15	2.03	5.45	4.17	2.24	5.46	12.81	6.99	1.89	5.73	4.98
31.03.2012	2.87	3.53	5.07	7	3.51	1.83	1.89	5.17	2.31	2.95	2.17	19.07	7	8.73	6.9	5.05	5.29	2.22	5.15	4.31	2.25	5.37	13.01	6.48	1.95	5.08	4.91
30.04.2012	2.83	3.52	5.11	7	3.51	1.62	1.71	5.79	2.15	2.99	2.03	21.48	6.59	8.77	6.88	5.68	5.3	2.22	5.1	4.26	2.29	5.49	12.01	6.24	1.82	5.27	4.81
31.05.2012	2.49	3.3	5.11	7	3.31	1.34	1.37	6.13	1.82	2.75	1.78	26.9	6.5	8.33	7.12	5.78	5.3	1.92	5.15	4.19	1.96	5.41	11.59	6.5	1.51	5.28	4.8
30.06.2012	2.29	3.17	5.07	7	3.11	1.3	1.25	6.59	1.76	2.57	1.6	27.82	6.37	8.3	7.09	5.9	4.96	1.82	5.07	4.27	1.93	5.24	10.56	6.68	1.45	5.63	4.8
31.07.2012	2.07	2.69	4.87	7	2.6	1.24	1.1	6.79	1.55	2.28	1.47	25.82	6.43	7.56	6.12	6	4.82	1.7	4.67	4.15	1.75	4.99	10.49	6.52	1.33	6.34	4.41
31.08.2012	1.97	2.54	4.28	7	2.38	1.34	1.15	6.58	1.55	2.12	1.49	24.34	6.36	7.36	5.91	5.82	4.84	1.66	4.45	4.04	1.76	4.88	9.88	6.84	1.44	6.81	4.24
30.09.2012	2.04	2.61	3.8	7	2.37	1.49	1.31	5.91	1.82	2.24	1.53	20.91	5.58	7.28	5.28	5.25	4.53	1.65	3.92	4	1.84	4.85	8.62	6.54	1.51	6.32	4.2
31.10.2012	2.02	2.44	3.39	7	2.24	1.47	1.29	5.64	1.78	2.19	1.54	17.96	4.78	6.94	4.77	4.95	4.32	1.62	3.52	3.99	1.77	4.57	8.17	6.85	1.54	5.74	4.2
30.11.2012	1.85	2.29	3.22	7	1.92	1.34	1.11	5.69	1.67	2.14	1.55	17.2	4.6	6.87	4.59	4.85	4.11	1.52	3.32	3.95	1.65	4.18	8.32	6.84	1.46	5.43	4.14
31.12.2012	1.77	2.1	3.44	7	1.92	1.3	1.07	5.34	1.6	2.01	1.6	13.33	4.54	6.44	4.67	4.54	4	1.43	3.24	3.88	1.56	3.88	7.25	6.65	1.51	5.33	3.92
31.01.2013	1.92	2.31	3.27	7	1.96	1.51	1.61	5.05	1.75	2.17	1.82	11.1	4.29	6.23	4.18	4.21	3.97	1.6	3.21	3.73	1.74	3.91	6.24	5.9	1.8	4.81	3.93
28.02.2013	1.96	2.46	3.25	7	2.01	1.54	1.73	5.22	1.81	2.24	1.92	10.95	4.28	6.29	3.78	4.49	4.06	1.69	3.22	3.69	1.83	3.99	6.4	5.72	2	4.88	3.95
31.03.2013	1.75	2.25	3.54	7	1.98	1.35	1.59	4.92	1.61	2.07	1.65	11.38	4.32	6.38	3.83	4.64	4.15	1.54	3.17	3.56	1.67	3.93	6.1	5.86	1.92	5.09	3.95
30.04.2013	1.64	2.04	3.47	7	1.82	1.2	1.42	4.59	1.51	1.8	1.46	11.58	4.34	5.65	3.78	4.28	3.95	1.41	3.15	3.37	1.66	3.5	6.15	5.46	1.66	5.93	3.01
31.05.2013	1.75	2.06	3.36	7	1.67	1.29	1.45	4.25	1.6	1.87	1.62	9.07	4.38	5.08	3.48	3.96	3.54	1.47	3.1	3.31	1.69	3.28	5.46	5.23	1.79	5.35	2.52
30.06.2013	2.04	2.44	3.4	7	2.14	1.53	1.72	4.67	1.88	2.21	1.96	10.07	4.63	6.02	4.02	4.38	3.54	1.75	3.17	3.35	2	3.95	6.3	5.43	2.05	6.38	2.45
31.07.2013	2.06	2.54	3.46	6	2.23	1.56	1.76	4.67	1.91	2.25	2.09	10.53	4.91	5.78	3.88	4.42	3.54	2.02	3.25	3.21	2.03	3.97	6.87	5.26	2.16	6.58	3.15
31.08.2013	2.22	2.65	3.51	6	2.4	1.73	1.94	4.5	2.07	2.36	2.29	10.01	5.04	6.31	3.92	4.42	3.65	2.2	3.25	3.23	2.2	4.3	6.6	5.04	2.34	6.51	3.15
30.09.2013	2.34	2.75	3.64	6	2.42	1.89	2.1	4.42	2.19	2.49	2.44	10.15	4.92	6.16	3.95	4.54	3.89	2.27	3.45	3.28	2.32	4.49	7.06	5.27	2.6	6.56	3.15
31.10.2013	2.19	2.57	3.71	6	2.33	1.76	1.93	4.22	2.04	2.39	2.26	8.74	4.99	5.58	3.65	4.25	4.01	2.14	3.78	3.25	2.18	4.28	6.33	5.22	2.44	6.47	3.15
30.11.2013	2.08	2.42	3.64	6	2.18	1.68	1.8	4.1	1.94	2.27	2.31	8.41	4.97	5.82	3.53	4.09	3.99	2.01	3.71	3.18	2.06	4.38	5.98	5.29	2.3	5.91	3.15
31.12.2013	2.17	2.43	3.43	6	2.2	1.8	1.89	4.13	2.03	2.33	2.5	8.66	5.1	5.78	3.48	4.11	3.69	2.1	3.62	3.19	2.16	4.42	6.04	5.29	2.39	5.27	2.69
31.01.2014	2.13	2.45	3.56	6	2.43	1.76	1.86	3.79	1.99	2.38	2.48	8.18	5.11	5.6	3.39	3.87	3.42	2.06	3.48	3.05	2.1	4.42	5.21	5.22	2.37	4.73	2.53
28.02.2014	1.95	2.4	3.58	6	2.28	1.56	1.67	3.56	1.92	2.25	2.37	7.7	4.78	6.03	3.24	3.65	3.33	1.87	3.07	2.96	1.89	4.47	4.93	5.35	2.23	4.43	2.48
31.03.2014	1.87	2.26	3.54	6	2.2	1.51	1.61	3.31	1.91	2.15	2.34	6.9	4.51	5.83	3.05	3.4	3.33	1.8	2.87	3.02	1.81	4.25	4.43	5.31	2.16	3.85	2.47
30.04.2014	1.77	2.16	3.44	6	2	1.46	1.56	3.1	1.84	2.03	2.3	6.2	4.41	5.56	2.9	3.23	3.26	1.71	2.8	2.93	1.85	4.1	3.82	5.15	2.06	3.52	2.47
31.05.2014	1.62	1.99	3.18	6	1.73	1.33	1.47	2.93	1.69	1.84	2.27	6.38	4.31	5.01	2.71	3.12	2.98	1.57	2.74	2.78	1.71	3.8	3.66	4.72	1.88	3.39	2.73
30.06.2014	1.65	1.83	3.11	6	1.55	1.26	1.38	2.71	1.57	1.71	2.35	5.93	3.94	4.5	2.44	2.92	2.92	1.44	2.53	2.9	1.6	3.54	3.5	4.48	1.8	3.13	2.73
31.07.2014	1.47	1.61	3.38	6	1.49	1.11	1.24	2.67	1.36	1.56	2.31	6.1	3.72	4.33	2.28	2.79	2.9	1.26	2.4	2.66	1.41	3.34	3.69	4.16	1.6	3.16	2.07
31.08.2014	1.28	1.4	3.41	6	1.38	0.95	1.07	2.41	1.18	1.41	2.12	6.09	3.68	4.73	2.02	2.63	2.61	1.08	2.35	2.49	1.2	3.36	3.47	4.21	1.53	3.09	1.81
30.09.2014	1.22	1.3	3.26	6	1.21	0.92	0.96	2.19	1.13	1.35	2.08	5.89	3.57	4.59	1.75	2.4	2.42	0.98	2.28	2.32	1.15	3.1	3.18	4.09	1.51	2.66	1.57
31.10.2014	1.1	1.18	3.31	6	1.1	0.79	1.13	2.12	1.01	1.26	1.82	7.26	3.54	4.21	1.74	2.42	2.27	0.87	2.18	2.18	1.03	2.72	3.21	3.9	1.3	2.63	1.39
30.11.2014	0.98	1.07	3.44	6	0.87	0.72	1.02	2.07	0.9	1.14	1.72	8.1	3.52	3.7	1.58	2.29	2.17	0.75	1.77	2.11	0.93	2.54	3.13	3.66	1.14	2.54	1.38
31.12.2014	0.81	0.91	2.96	6	0.67	0.59	0.93	1.78	0.89	0.92	1.52	8.42	3.52	3.62	1.31	1.99	1.9	0.65	1.63	1.94	0.78	2.55	2.81	3.68	1.01	2.11	1.23
31.01.2015	0.54	0.73	2.95	6	0.35	0.39	0.63	1.54	0.62	0.67	1.21	9.48	3.32	3.18	1.22	1.7	1.66	0.47	1.1	1.69	0.52	2.21	2.49	3.14	0.78	1.75	1.1
28.02.2015	0.44	0.63	2.52	6	0.4	0.3	0.2	1.52	0.48	0.6	1.59	9.72	3.24	3.07	1.12	1.56	1.2	0.4	0.78	1.5	0.42	2.2	2.32	2.83	0.62	1.32	0.66
31.03.2015	0.37	0.49	2.49	6	0.35	0.23	0.29	1.23	0.39	0.51	1.71	10.52	3.08	3.29	0.8	1.29	1.11	0.16	0.56	1.31	0.33	2.33	1.74	3.01	0.58	0.99	0.52
30.04.2015	0.29	0.42	2.36	6	0.26	0.12	0.25	1.31	0.27	0.44	1.65	12	3.17	3.28	0.73	1.36	0.58	0.06	0.42	1.15	0.31	2.37	1.87	3.25	0.34	1.06	0.96
31.05.2015	0.73	0.86	2.36	3.96	0.6	0.56	0.73	1.78	0.72	0.89	1.94	10.95	2.98	3.59	1.25	1.81	0.99	0.42	0.84	1.5	0.75	2.82	2.41	3.45	0.75	1.59	0.92
30.06.2015	1.06	1.21	2.36	3.89	1.01	0.79	1	2.22	1.01	1.2	2.06	11.43	3.07	3.86	1.65	2.2	1.41	0.65	1.28	1.79	1.05	3.19	2.93	3.84	0.99	2.13	1.15
31.07.2015	1.08	1.15	2.36	3.69	0.97	0.71	0.94	2.1	0.95	1.11	2.03	NaN	4.23	3.72	1.47	2.04	1.64	0.56	1.25	1.78	0.99	3.16	2.74	3.99	0.81	2.43	1.25
31.08.2015	0.96	1	2.36	3.69	0.74	0.61	0.84	1.96	0.82	1.01	1.86	10.26	3.9	3.61	1.29	1.84	1.64	0.45	0.96	1.57	0.85	2.88	2.52	3.86	0.66	2.07	0.99
30.09.2015	0.97	1.01	2.36	3.7	0.68	0.65	0.93	2.02	0.9	1	1.85	8.54	3.91	3.5	1.31	1.92	1.64	0.43	1.03	1.61	0.87	2.91	2.59	3.73	0.71	2.05	0.89
31.10.2015	0.83	0.85	2.36	3.64	0.56	0.52	0.83	1.73	0.81	0.87	1.81	7.81	3.93	3.28	1.14	1.7	1.64	0.31	1.07	1.37	0.72	2.66	2.41	3.47	0.66	1.8	0.75
30.11.2015	0.82	0.84	2.99	4	0.49	0.52	0.81	1.72	0.81	0.88	1.94	7.41	3.86	3.34	1.1	1.57	1.57	0.25	1.19	1.29	0.72	2.73	2.57	3.49	0.8	1.66	0.71
31.12.2015	0.86	0.89	2.43	3.87	0.49	0.55	0.83	1.69	0.86	0.93	1.87	8.21	3.92	3.47	1.11	1.58	1.49	0.27	1.08	1.29	0.75	2.96	2.49	3.62	0.93	1.61	0.72
31.01.2016	0.77	0.86	2.44	3.82	0.62	0.43	0.79	1.72	0.78	0.84	1.73	9.08	3.84	3.36	1.05	1.53	1.47	0.72	1.05	1.25	0.65	3	2.71	3.6	1.02	1.61	0.71
29.02.2016	0.53	0.72	2.67	4	0.46	0.17	0.55	1.72	0.53	0.59	1.44	10.41	3.68	3.36	0.99	1.56	1.42	0.43	0.88	1.16	0.37	3.03	3.23	3.33	0.77	1.59	0.56
31.03.2016	0.46	0.62	2.66	4.01	0.35	0.17	0.51	1.54	0.53	0.51	1.46	9.12	3.66	3.13	0.85	1.38	1.42	0.41	0.71	1.03	0.32	2.89	2.84	3.34	0.82	1.48	0.43
30.04.2016	0.38	0.55	2.44	3.99	0.43	0.13	0.4	1.53	0.46	0.51	1.48	9.03	3.62	3.02	0.86	1.44	1.31	0.34	0.61	1	0.4	2.95	3.13	3.43	0.81	1.37	0.38
31.05.2016	0.37	0.55	2.37	3.89	0.46	0.13	0.41	1.57	0.45	0.51	1.43	7.64	3.52	3.35	0.84	1.53	0.86	0.33	0.51	1.02	0.38	3.04	3.15	3.43	0.77	1.41	0.41
30.06.2016	0.33	0.43	2.4	3.82	0.45	-0.02	0.23	1.48	0.33	0.39	1.18	7.92	3.81	3.31	0.76	1.45	0.86	0.17	0.48	0.95	0.25	3.11	3.2	3.48	0.52	1.36	0.77
31.07.2016	0.16	0.2	2.39	3.87	0.37	-0.15	0.07	1.17	0.12	0.17	0.79	7.99	3.75	2.88	0.47	1.23	0.86	0	0.3	0.76	0.06	2.89	3.06	3.14	0.17	0.95	0.49
31.08.2016	0.11	0.15	2.28	3.84	0.29	-0.13	0.04	1.01	0.06	0.15	0.6	8.19	3.58	2.83	0.4	1.18	0.86	-0.05	0.12	0.61	0.03	2.71	2.91	2.93	0.1	0.8	0.3
30.09.2016	0.15	0.18	2.15	3.62	0.25	-0.09	0.01	1.04	0.08	0.18	0.77	8.34	3.34	2.88	0.42	1.27	0.79	-0.03	0.1	0.6	0.06	2.85	3.26	2.92	0.22	0.75	0.32
31.10.2016	0.24	0.27	1.84	3.39	0.37	0	0.13	1.07	0.17	0.33	1.04	8.33	3.07	2.93	0.5	1.45	0.31	0.07	0.19	0.59	0.16	3.01	3.33	2.94	0.24	0.62	0.42
30.11.2016	0.49	0.57	1.82	3.47	0.55	0.19	0.32	1.43	0.41	0.67	1.34	7.33	3.01	3.36	0.85	1.94	0.31	0.28	0.56	0.84	0.39	3.41	3.51	3.56	0.43	0.89	0.72
31.12.2016	0.53	0.61	1.8	3.55	0.53	0.25	0.39	1.44	0.46	0.75	1.39	6.94	2.95	3.31	0.84	1.89	0.31	0.39	0.9	0.82	0.44	3.54	3.74	3.73	0.61	0.96	1.01
31.01.2017	0.57	0.7	1.77	3.45	0.47	0.25	0.37	1.46	0.5	0.86	1.38	7.04	2.8	3.4	0.99	1.99	0.31	0.43	0.89	1.17	0.48	3.68	3.95	3.75	0.65	0.99	1.03
28.02.2017	0.59	0.87	1.75	3.37	0.63	0.26	0.33	1.7	0.52	1.03	1.24	7.52	2.71	3.52	1.06	2.35	0.31	0.55	0.99	1.32	0.49	3.81	4.04	3.96	0.66	1.01	1.09
31.03.2017	0.59	0.87	1.73	3.34	0.87	0.35	0.19	1.72	0.51	1.02	1.13	7.17	2.74	3.48	1.05	2.4	0.31	0.6	0.94	1.55	0.48	3.66	3.99	3.99	0.69	0.99	1.09
30.04.2017	0.49	0.78	1.78	3.23	0.96	0.22	0.55	1.61	0.38	0.88	1	6.7	2.98	3.28	0.91	2.26	0.31	0.49	0.92	1.43	0.5	3.42	3.77	3.79	0.57	1	1.06
31.05.2017	0.65	0.77	1.74	3.03	0.74	0.34	0.64	1.57	0.49	0.81	1.03	5.86	3.01	3.1	0.83	2.19	0.31	0.57	0.88	1.37	0.59	3.35	3.29	3.75	0.56	0.98	1.03
30.06.2017	0.55	0.62	1.7	2.84	0.77	0.25	0.53	1.45	0.56	0.66	0.98	5.76	2.83	2.99	0.7	2.05	0.31	0.52	0.85	1.25	0.5	3.19	2.97	3.67	0.46	0.86	0.86
31.07.2017	0.73	0.83	1.65	2.57	0.9	0.46	0.67	1.6	0.76	0.84	1.25	5.33	2.78	3.1	0.87	2.23	0.31	0.69	0.98	1.36	0.69	3.3	3.02	3.84	0.66	1.15	0.93
31.08.2017	0.61	0.73	1.7	2.49	0.83	0.35	0.55	1.48	0.65	0.71	1.1	5.55	2.87	3.05	0.73	2.11	0.31	0.57	0.85	1.23	0.54	3.33	2.83	3.86	0.63	1.09	0.83
30.09.2017	0.59	0.7	1.66	2.2	0.97	0.35	0.51	1.54	0.58	0.7	1.21	5.56	2.71	2.76	0.7	2.11	0.31	0.55	0.72	1.26	0.53	3.26	2.63	3.89	0.62	0.98	0.82
31.10.2017	0.61	0.69	1.4	1.84	1.45	0.37	0.53	1.6	0.6	0.81	1.35	5.59	2.66	2.57	0.66	2.07	0.31	0.57	0.71	1.24	0.54	3.38	2.32	4.17	0.83	0.97	0.83
30.11.2017	0.51	0.58	1.33	1.54	1.68	0.31	0.44	1.49	0.52	0.72	1.28	5.22	2.65	2.23	0.58	1.79	0.31	0.5	0.69	1.13	0.47	3.39	1.98	4.43	0.76	0.81	0.76
31.12.2017	0.5	0.53	1.02	1.58	1.5	0.3	0.41	1.44	0.51	0.67	1.22	4.44	2.47	2.07	0.54	1.79	0.31	0.48	0.59	1.07	0.45	3.27	1.83	4.4	0.72	0.69	0.67
31.01.2018	0.67	0.7	0.9	1.68	1.77	0.47	0.57	1.47	0.68	0.86	1.33	3.79	2.35	2.06	0.91	1.98	0.31	0.63	0.6	1.29	0.61	3.32	1.85	4.24	0.85	0.88	0.69
28.02.2018	0.84	0.97	0.98	1.93	1.82	0.66	0.77	1.51	0.84	0.98	1.57	4.14	2.27	2.55	1.13	2.08	0.31	0.78	0.75	1.38	0.76	3.39	2.03	4.49	0.91	1.14	0.77
31.03.2018	0.81	0.87	1.05	1.83	1.81	0.53	0.64	1.33	0.72	0.84	1.45	4.27	2.19	2.6	1.01	1.97	0.31	0.68	0.83	1.23	0.63	3.27	1.79	4.53	0.77	1.11	0.8
30.04.2018	0.76	0.81	1.02	2.12	1.74	0.48	0.55	1.21	0.69	0.78	1.44	4.04	2.12	2.47	0.94	1.77	0.31	0.62	0.8	1.24	0.69	3.06	1.66	4.46	0.71	0.89	0.75
31.05.2018	0.76	0.83	1.05	2.52	1.89	0.45	0.52	1.39	0.7	0.78	1.42	4.29	2.16	2.92	0.98	2.18	0.31	0.61	0.86	1.32	0.67	3.23	1.84	4.69	0.66	0.96	0.75
30.06.2018	0.71	0.79	0.99	2.61	2.14	0.33	0.41	1.37	0.63	0.75	1.32	4.39	2.2	3.37	0.92	2.74	0.31	0.54	0.93	1.37	0.56	3.21	1.87	4.95	0.55	0.99	1.01
31.07.2018	0.6	0.68	0.92	2.08	2.11	0.28	0.32	1.32	0.53	0.67	1.27	3.88	2.26	3.39	0.83	2.64	0.31	0.47	1.06	1.34	0.47	3.17	1.76	5.05	0.51	0.79	0.94
31.08.2018	0.6	0.71	0.81	2.22	2.14	0.29	0.33	1.4	0.56	0.7	1.31	4.18	2.18	3.41	0.86	3.16	0.31	0.47	0.95	1.46	0.47	3.14	1.82	4.8	0.52	0.77	0.92
30.09.2018	0.67	0.77	0.78	2.01	2.14	0.37	0.36	1.46	0.66	0.77	1.52	4.17	2.14	3.57	0.93	2.96	0.31	0.51	0.94	1.52	0.55	3.24	1.88	4.75	0.6	0.75	0.98
31.10.2018	0.69	0.85	0.74	2.35	2.14	0.4	0.42	1.59	0.73	0.82	1.56	4.37	2.09	3.74	1.01	3.47	0.31	0.56	1.01	1.56	0.58	3.22	1.96	4.9	0.67	0.92	1.07
30.11.2018	0.62	0.81	0.75	2.41	2.07	0.31	0.34	1.59	0.66	0.76	1.44	4.42	2.07	3.47	0.98	3.39	0.31	0.5	1.05	1.54	0.52	3.19	1.91	4.78	0.6	1.01	1.01
31.12.2018	0.52	0.75	0.72	2.34	2.01	0.19	0.23	1.42	0.55	0.7	1.27	4.28	2.04	3.15	0.91	2.98	0.31	0.42	1.05	1.39	0.4	2.94	1.71	4.6	0.47	0.96	0.94
31.01.2019	0.45	0.77	0.72	2.22	1.85	0.13	0.15	1.38	0.49	0.65	1.28	4.21	2.23	2.85	0.94	2.77	0.31	0.37	0.95	1.25	0.33	2.78	1.67	4.69	0.43	0.98	0.88
28.02.2019	0.45	0.69	0.68	2	1.76	0.06	0.05	1.3	0.38	0.55	1.2	3.84	2.31	2.68	0.86	2.81	0.31	0.26	0.81	1.17	0.24	2.69	1.55	4.79	0.36	0.87	0.78
31.03.2019	0.38	0.54	0.67	1.74	1.82	0.01	0.16	1.12	0.35	0.44	1.14	3.76	2.07	3.03	0.67	2.69	0.31	0.17	0.7	1.03	0.15	2.75	1.32	4.8	0.29	0.67	0.68
30.04.2019	0.31	0.47	0.5	1.49	1.82	-0.04	0.08	1.04	0.34	0.37	1.15	3.42	1.82	3.14	0.56	2.62	0.31	0.11	0.58	1	0.2	2.76	1.18	4.91	0.23	0.52	0.57
31.05.2019	0.24	0.41	0.48	1.34	1.86	-0.13	0.04	0.87	0.25	0.3	1.06	3.37	1.69	3.19	0.5	2.64	0.31	0.02	0.51	0.95	0.11	2.72	1.02	4.93	0.07	0.38	0.45
