                k_2           k_3           k_4           k_5           k_6           k_7           k_8
Sil    6.399612e-03 -3.337330e-02 -1.696480e-01 -1.913272e-01 -2.078935e-01 -2.128981e-01 -2.743010e-01
SF     1.113368e-04  1.805624e-06  5.630591e-08  2.652920e-09  1.282128e-10  5.526024e-12  4.354295e-13
CH     2.557233e+02  2.929640e+02  1.954935e+02  1.467765e+02  1.176347e+02  9.383436e+01  8.046953e+01
DB     7.656535e+00  7.175327e+00  6.876428e+00  6.495035e+00  6.280685e+00  6.197656e+00  6.049691e+00
DBstar 7.656535e+00  7.232197e+00  6.955505e+00  6.564142e+00  6.370922e+00  6.287605e+00  6.182831e+00
D      3.502616e-02  3.502616e-02  3.502616e-02  3.502616e-02  3.502616e-02  3.502616e-02  3.502616e-02
COP    2.327439e-01  2.323609e-01  2.321262e-01  2.319138e-01  2.316458e-01  2.314627e-01  2.313288e-01
                 k_9        k_10        k_11        k_12        k_13        k_14        k_15
Sil    -2.730989e-01 -0.27632366 -0.27601812 -0.27528146 -0.27503649 -0.27448352 -0.27372043
SF      6.661338e-16  0.00000000  0.00000000  0.00000000  0.00000000  0.00000000  0.00000000
CH      7.049555e+01 62.67485618 56.45523673 51.35871831 47.09438658 43.54103281 40.48364234
DB      6.249182e+00  6.12492776  6.09215831  6.11313796  6.17682459  6.10053581  6.14317256
DBstar  7.386054e+00  7.25854953  7.22366458  7.26235135  7.38267028  7.28653589  7.34059573
D       3.502616e-02  0.03502616  0.03502616  0.03502616  0.03502616  0.03502616  0.03502616
COP     2.311046e-01  0.23098440  0.23078903  0.23062429  0.23049989  0.23028384  0.23014724
