""	"SYM"	"rmedio"	"volatility"	"Kmeans"	"HistDAWass"	"TADPole"	"Combi"
"1"	"007"	0	0	2	2	2	10
"2"	"1337"	-0.00257720373902558	0.148394847848207	2	3	2	2
"3"	"1CR"	-0.00329842439779613	0.0441297828139164	2	3	3	1
"4"	"1ST"	-0.00957271144013723	0.100690722601316	3	3	2	4
"5"	"1WO"	-0.00239503423478792	0.39756869170965	2	4	2	15
"6"	"2015"	-0.0112042763115438	0.356292181471379	3	1	2	6
"7"	"2BACCO"	-0.00519212412474419	0.208197026047522	2	3	2	2
"8"	"2GIVE"	-0.00700285382376837	0.0818213958381594	3	3	3	3
"9"	"300"	-0.00402850181912177	0.134536976706636	2	3	2	2
"10"	"32BIT"	0.00152900488506946	0.0292515858290667	2	3	2	2
"11"	"365"	0.00789746383305054	0.374104396587789	2	2	2	10
"12"	"404"	-0.0123469196422172	0.3214120069575	3	1	2	6
"13"	"42"	-0.00221886493334948	0.0984721076822833	2	3	2	2
"14"	"611"	-5.24120749092174e-05	0.254016096468784	2	1	2	7
"15"	"808"	-0.00329827936911592	0.170822529822391	2	3	2	2
"16"	"888"	-0.0077095512794922	0.327845521620859	3	1	2	6
"17"	"8BIT"	-0.0103749038665018	1.19800766042903	1	4	2	22
"18"	"ABC"	0.00178921009694717	0.147733710725991	2	1	2	7
"19"	"ABY"	-0.00732166954965942	0.0797016739876801	3	3	2	4
"20"	"AC"	-0.00354352397254185	0.145152124397779	2	3	2	2
"21"	"ACC"	-0.0057316581328228	0.128717151533032	2	3	2	2
"22"	"ACC*"	-0.0156860886127565	0.796986750668035	3	4	2	12
"23"	"ACES"	-0.00158094352700867	0.216833904858123	2	1	3	8
"24"	"ACH"	-0.00329845988841778	0.0441255513261404	2	3	2	2
"25"	"ACID"	-0.00295532337008032	0.370194196192846	2	1	2	7
"26"	"ACN"	0	0	2	2	3	9
"27"	"ACOIN"	-0.00440248721776289	0.5043574290527	3	2	3	11
"28"	"ACP"	-0.00948157155825797	0.530249748620819	3	2	2	14
"29"	"ADA"	-0.00729767863256302	0.0724326718445996	3	3	2	4
"30"	"ADC"	-0.00778769062321243	0.274429338031091	3	1	3	5
"31"	"ADCN"	-0.0139763800331378	1.11480018045244	1	4	2	22
"32"	"ADL"	-0.0102515255621188	0.252905148039359	3	1	3	5
"33"	"ADN"	-0.0032983347469387	0.0441286488858557	2	3	2	2
"34"	"ADST"	-0.00571300520829178	0.104101733051813	2	3	2	2
"35"	"ADT"	-0.0065143401323824	0.125086088250106	3	3	3	3
"36"	"ADX"	-0.00869756555703131	0.0873965090541416	3	3	2	4
"37"	"ADZ"	-0.00667238570609394	0.120699875481289	3	3	2	4
"38"	"AE"	-0.00302422568564781	0.0790863849384018	2	3	2	2
"39"	"AEC"	0.00113625707036333	0.300102607995511	2	1	3	8
"40"	"AEON"	-0.00814380731736242	0.0829458522007539	3	3	2	4
"41"	"AERO"	-0.00329695336904622	0.0441267170431393	2	3	3	1
"42"	"AGRS"	-0.00413050508833909	0.0655420089052716	2	3	2	2
"43"	"AGS"	-0.00329820871476565	0.0441403435161817	2	3	3	1
"44"	"AHT"	-0.00577015523888795	0.350182057022175	3	1	2	6
"45"	"AIB"	-0.00263112751484937	0.391278083015028	2	1	2	7
"46"	"AIR"	-0.00867192469127305	0.0978370271587881	3	3	1	20
"47"	"ALC"	-0.00329827936911592	0.211392508447429	2	3	2	2
"48"	"ALEX"	0.00467864994996323	0.0691932476077313	2	3	3	1
"49"	"ALF"	-0.00329884409008235	0.0441249876639039	2	3	2	2
"50"	"ALIS"	-0.00300167291985822	0.322440964989872	2	1	3	8
"51"	"ALN"	-0.00329876307599991	0.0441054035551375	2	3	2	2
"52"	"ALT"	-0.019786967027486	0.476632175730094	3	2	2	14
"53"	"ALTCOM"	-0.0208592265131844	0.210157189743153	3	3	3	3
"54"	"ALTOCAR"	-0.00880311431272029	0.100621783663012	3	3	2	4
"55"	"AM"	-0.00433407336926931	0.0829157057564888	2	3	3	1
"56"	"AMB"	-0.00546361121208126	0.092708302153907	2	3	3	1
"57"	"AMBER"	-0.0106866365428811	0.401023175726996	3	2	2	14
"58"	"AMC"	-0.0032987647137852	0.0441417216017993	2	3	2	2
"59"	"AMIS"	-0.000681147251161762	4.74979791561172	1	5	2	17
"60"	"AMM"	-0.0105463480209392	0.133852882107951	3	3	1	20
"61"	"AMP"	-0.00885153318003145	0.0864190377083136	3	3	2	4
"62"	"AMS"	-0.00540932158669671	0.299188348315323	3	1	2	6
"63"	"AMX"	-0.00329827936911592	0.0441316405612435	2	3	3	1
"64"	"AMY"	-0.00644826428542986	0.132668949593686	3	3	3	3
"65"	"ANAL"	-0.00366281929114865	0.102631445583166	2	3	2	2
"66"	"ANC"	-0.0032978596059717	0.0441281573855677	2	3	3	1
"67"	"AND"	0	0	2	2	3	9
"68"	"ANGL"	-0.0111123942722721	0.460207409783613	3	4	3	13
"69"	"ANI"	0.000910691029679348	0.269322645211694	2	1	3	8
"70"	"ANT"	-0.00603596999373808	0.075841033052075	2	3	3	1
"71"	"ANTI"	-0.0110262127819364	0.233726089003849	3	1	3	5
"72"	"APC"	-0.00238189925303741	0.238421550342043	2	1	3	8
"73"	"APEX"	-0.00329913494892821	0.0441611391684212	2	3	3	1
"74"	"APT"	-0.00665529640407969	0.0873746479989648	3	3	3	3
"75"	"APX"	-0.0088206408984228	0.0904762718197533	3	3	3	3
"76"	"AQUA"	-0.00329609270198267	0.0441165337515093	2	3	3	1
"77"	"ARB"	-0.000927291940209214	0.513778009899891	2	4	3	16
"78"	"ARC"	0	0	2	2	3	9
"79"	"ARC*"	-0.00484963826928462	0.240010865197127	2	1	3	8
"80"	"ARCH"	-0.00329888584252581	0.0441304476488494	2	3	3	1
"81"	"ARCO"	0.00604325335990596	0.126713983156855	2	3	2	2
"82"	"ARDR"	-0.00941887094899278	0.0833383371439456	3	3	2	4
"83"	"ARENA"	-0.00761348993159888	0.13272539239995	3	1	2	6
"84"	"ARG"	0.00566249418678618	0.177888437872782	2	3	2	2
"85"	"ARGUS"	-4.36727115963247e-05	0.348024369755056	2	1	3	8
"86"	"ARI"	-0.00734604656070895	0.136254809030609	3	3	2	4
"87"	"ARK"	-0.00771592473263139	0.0735203808208727	3	3	3	3
"88"	"ARM"	-0.00101520097385924	0.289101728898922	2	1	3	8
"89"	"ARN"	-0.00258743919715587	0.13716234376979	2	3	3	1
"90"	"ARPA"	-0.00513465410466947	0.158188164961398	2	3	2	2
"91"	"ART"	-0.0108741740189869	0.158248967166852	3	3	2	4
"92"	"ARTE"	-0.0148349339960681	0.222744601794085	3	3	3	3
"93"	"ASAFE2"	0.000511970488955016	0.184663989716853	2	3	2	2
"94"	"ASN"	-0.00274753972273627	0.239462789488649	2	1	2	7
"95"	"AST"	-0.00769102470485768	0.101601068297031	3	3	2	4
"96"	"AST*"	-0.00575219959636545	0.172108541164697	3	3	2	4
"97"	"ASTRO"	-0.00753833658655117	0.753045188224963	3	4	2	12
"98"	"ATB"	-0.0110238635349517	0.278884056880566	3	1	2	6
"99"	"ATCC"	-0.0103477536382376	0.163054956542082	3	1	2	6
"100"	"ATL"	-0.00717426669384485	0.154754400561928	3	3	2	4
"101"	"ATM*"	-0.00741824118805277	0.249203326878519	3	1	3	5
"102"	"ATOM"	-0.0100789056123332	0.32589961446382	3	1	2	6
"103"	"ATS"	-0.00819476687201737	0.170625121556189	3	3	2	4
"104"	"ATT"	-0.00449978691679635	0.0579887711614155	2	3	3	1
"105"	"ATX"	-0.00464437143213549	0.55035095970829	3	4	3	13
"106"	"AUA"	-0.0137220096627955	0.294099652269161	3	1	2	6
"107"	"AUD"	-7.8377683666235e-05	0.010233949383344	2	3	3	1
"108"	"AUR"	-0.0107499453289772	0.317964796346147	3	1	2	6
"109"	"AURS"	0	0	2	2	2	10
"110"	"AV"	-0.00104209940716012	0.12586603576281	2	3	3	1
"111"	"AVT"	-0.00845144147575573	0.0927805733664512	3	3	3	3
"112"	"AXIOM"	9.50223045778858e-06	0.000181788372632274	2	3	2	2
"113"	"AXR"	-0.00329802159716817	0.0441198100975381	2	3	3	1
"114"	"B2B"	-0.00537969998228195	0.369581857926872	3	1	2	6
"115"	"B2X"	-0.0103529052729613	2.22426650405039	1	5	2	17
"116"	"B3"	-0.00530471241209495	0.217841024390434	3	1	3	5
"117"	"BAC"	-0.0148956327918911	0.306218268819037	3	1	2	6
"118"	"BAN"	-0.00251189821164366	0.169074168859443	2	3	2	2
"119"	"BAR"	0.00899901639075828	0.446865893353195	2	4	2	15
"120"	"BAS"	-0.0122941829104204	0.190677821795997	3	3	3	3
"121"	"BASH"	-0.00555894786978068	0.285789770940382	3	1	2	6
"122"	"BAT"	-0.00271427622474191	0.0806441548423754	2	3	3	1
"123"	"BAY"	-0.00824015383983123	0.0863454773359125	3	3	2	4
"124"	"BBCC"	-0.00847836055618248	0.274945727747703	3	1	3	5
"125"	"BBP"	-0.00530373113982385	0.170151904484647	2	3	3	1
"126"	"BBR"	-0.00025078045510043	0.0669504003903931	2	3	3	1
"127"	"BBT"	-0.0104353514964522	0.272691311430129	3	1	3	5
"128"	"BC"	-0.00329776045188495	0.0441331369363019	2	3	2	2
"129"	"BCAP"	-0.00329383630178297	0.044250787269416	2	3	2	2
"130"	"BCCOIN"	-0.016307664625579	0.188664717688949	3	1	2	6
"131"	"BCD"	-0.0103355816189112	0.493328944674114	3	1	2	6
"132"	"BCDN"	-0.0146606438796012	0.120520978708877	3	3	3	3
"133"	"BCH"	-0.00736404632474621	0.0750137698863917	3	3	3	3
"134"	"BCN"	-0.00533254619085117	0.097789169751591	2	3	3	1
"135"	"BCOIN"	-0.00329733845166214	0.0443817113022482	2	3	2	2
"136"	"BCPT"	-0.00674314061743864	0.101194482134477	3	3	3	3
"137"	"BCR"	-0.00329866586227172	0.0441286698105513	2	3	3	1
"138"	"BCX"	-0.00357405269841873	0.140939725003532	2	3	3	1
"139"	"BCY"	-0.0114003753187089	0.187986161330107	3	3	2	4
"140"	"BDL"	-0.00211068608282072	0.0422476837504459	2	3	2	2
"141"	"BDT"	0.00116591016635867	0.229835953099374	2	3	3	1
"142"	"BELA"	-0.00770314771478056	0.0736983083821421	3	3	3	3
"143"	"BENJI"	-0.00953270311175546	0.485753410125925	3	2	3	11
"144"	"BERN"	-0.00804770962900034	0.329550665417055	3	1	3	5
"145"	"BEST"	-0.00710368246764085	0.33860562726881	3	1	3	5
"146"	"BET"	-0.00329855476510329	0.044135692579256	2	3	3	1
"147"	"BET*"	-0.00571948817493545	0.122225994677311	2	3	3	1
"148"	"BFX"	0	0	2	2	3	9
"149"	"BHC"	-0.00329874950100493	0.0441400176517651	2	3	2	2
"150"	"BHC*"	-0.00451371136603612	0.393221441152604	3	2	3	11
"151"	"BIC"	-0.00329763272210101	0.0441306032674576	2	3	3	1
"152"	"BIGUP"	-0.00981167410435782	0.268649974745488	3	1	3	5
"153"	"BILL"	-0.0012190586570781	0.239490787334829	2	1	3	8
"154"	"BIO"	-0.0111581236676361	0.163638818877483	3	3	3	3
"155"	"BIOB"	-0.00989049272806275	0.287363825657991	3	1	3	5
"156"	"BIOS"	-0.00487001802642914	0.147460902864499	2	3	2	2
"157"	"BIPC"	-0.00807240146195583	0.104717270395184	3	3	3	3
"158"	"BIS"	-0.00688795912448749	0.0825144163285306	3	3	3	3
"159"	"BIT"	-0.0233714809814299	0.325069426402828	3	1	3	5
"160"	"BIT16"	-0.00399650586935949	0.0762745274400254	2	3	3	1
"161"	"BITB"	-0.0064579294221092	0.0936442310084996	3	3	2	4
"162"	"BITOK"	-0.00416955274178975	0.189102029973387	2	3	3	1
"163"	"BITS"	-0.0111094226586537	0.382268480111188	3	1	2	6
"164"	"BITUSD"	-0.0104067740274527	0.161654810038075	3	1	3	5
"165"	"BITZ"	0	0.120601795490862	2	1	2	7
"166"	"BKC"	-0.00329172984835165	0.0442126969798074	2	3	3	1
"167"	"BLAS"	-0.00329827936911592	0.0441321913120296	2	3	3	1
"168"	"BLAZR"	-0.0036646500029757	0.282556322237696	2	1	3	8
"169"	"BLC"	-0.0215506104029189	0.63835982351013	3	2	3	11
"170"	"BLITZ"	-0.00998352360376205	0.104519392385672	3	3	3	3
"171"	"BLK"	-0.00729611936204427	0.0761492400621264	3	3	3	3
"172"	"BLOCK"	-0.00930836155521853	0.0758904989746749	3	3	3	3
"173"	"BLRY"	-0.00803745434440244	0.239346086386779	3	1	3	5
"174"	"BLU"	-0.00618405568262504	0.20814252844504	3	3	3	3
"175"	"BLX"	-0.00591318759459346	1.03018559313683	1	4	2	22
"176"	"BM"	0.0197506396867404	0.381466546170271	2	2	2	10
"177"	"BMC"	-0.00375791543778887	0.078033114097361	2	3	3	1
"178"	"BNB*"	-0.000821903250361825	0.101046563751425	2	3	2	2
"179"	"BNC"	-0.00360865979367655	0.118867084429442	2	3	2	2
"180"	"BNT"	-0.00565334583253799	0.0609960895810257	2	3	3	1
"181"	"BNX"	-0.0074081426434683	0.155506446374254	3	3	2	4
"182"	"BOAT"	-0.00414622510209737	0.166666377676015	2	3	2	2
"183"	"BOB"	0.000226411941393868	0.0888557137300338	2	3	2	2
"184"	"BOLI"	0.00221565632845992	0.105732451363456	2	3	3	1
"185"	"BOMB"	-0.00752853159400222	0.337844424015775	3	1	2	6
"186"	"BON"	-0.00992873478017663	0.377889842467153	3	1	3	5
"187"	"BOSON"	-0.00260595994751271	0.216755419310978	2	3	3	1
"188"	"BOSS"	-0.0123018715889749	0.287376278200613	3	1	2	6
"189"	"BOST"	-0.00078237603065028	0.0433645800465961	2	3	1	19
"190"	"BPL"	-0.0102994236359977	0.137445330678541	3	3	3	3
"191"	"BQ"	-0.00780776753076638	0.183285548329308	3	1	2	6
"192"	"BQC"	-0.00329845988841778	0.0441249164939443	2	3	3	1
"193"	"BRAIN"	-0.00500705317964019	0.301515621899813	3	1	2	6
"194"	"BRC"	-0.00329827936911592	0.0441316405612435	2	3	3	1
"195"	"BRDD"	-0.00574637623934026	0.0844808511044342	2	3	3	1
"196"	"BRIT"	-0.00139569842559014	0.131516294415184	2	1	2	7
"197"	"BRK"	-0.00757886180238192	0.0928777669013733	3	3	2	4
"198"	"BRO"	-0.00746616511307633	0.12854295569468	3	3	2	4
"199"	"BRONZ"	-0.00427156823478878	0.0848932579856813	2	3	3	1
"200"	"BRX"	-0.00685981083864403	0.0958120809674416	3	3	3	3
"201"	"BS"	-0.0113095019009472	0.351447005900056	3	1	2	6
"202"	"BSC"	-0.0186433444450262	0.289534270842806	3	1	2	6
"203"	"BSD"	-0.00803373134773261	0.071011271364937	3	3	3	3
"204"	"BST"	0.00312048470111434	0.0596983874638105	2	3	2	2
"205"	"BSTAR"	-0.006115543624915	0.309869063612386	3	1	1	21
"206"	"BSTK"	-0.00100119322716034	0.308122048330936	2	1	2	7
"207"	"BSTY"	0.00292964298590382	0.0330096002988433	2	3	2	2
"208"	"BT1"	0.000121496818950496	0.00232437100900927	2	3	3	1
"209"	"BT2"	-0.0047519079642499	0.0909093522364821	2	3	3	1
"210"	"BTA"	-0.00931940306264584	0.18279802339472	3	1	2	6
"211"	"BTB"	-0.00666846555826136	0.123633849444953	3	3	2	4
"212"	"BTC"	-0.0032983264282719	0.0441322038212815	2	3	2	2
"213"	"BTCA"	-0.0185920303110446	0.257936575483369	3	1	2	6
"214"	"BTCD"	-0.00906700543183103	0.119307322811576	3	3	2	4
"215"	"BTCE"	-0.0133070634051005	0.38333023012184	3	1	2	6
"216"	"BTCM"	-0.00638595866545592	0.146702139563747	3	3	2	4
"217"	"BTCR"	-0.00279976847300384	0.168094942724535	2	3	3	1
"218"	"BTCRED"	-0.00959874118554448	0.164716385320476	3	3	3	3
"219"	"BTCRY"	-0.00425859219423014	0.291062141231209	2	1	2	7
"220"	"BTCS"	-0.00674727277662134	0.540158723628883	3	2	2	14
"221"	"BTCZ"	-0.00662212605206999	0.120048879705229	3	3	2	4
"222"	"BTD"	-0.00391035431974804	0.203136054713557	2	3	3	1
"223"	"BTDX"	-0.0156637239464552	0.152486726909097	3	3	2	4
"224"	"BTE"	-0.00329864307451667	0.0441273645140351	2	3	2	2
"225"	"BTG"	-0.00773661495086381	0.0700502492115692	3	3	2	4
"226"	"BTH"	-0.00369809983141229	0.229607888929499	2	1	2	7
"227"	"BTLC"	0.00439737134544836	0.40459397288198	2	2	3	9
"228"	"BTM"	-0.013657301698489	0.230724911484791	3	1	3	5
"229"	"BTM*"	-0.00386699082079353	0.0777160938411325	2	3	2	2
"230"	"BTMI"	-0.00329827936911592	0.0441316405612435	2	3	2	2
"231"	"BTPL"	-0.00329864307451667	0.0441327663567546	2	3	2	2
"232"	"BTQ"	-0.00566848421610583	0.241664356841662	3	3	2	4
"233"	"BTSE"	-0.0108954503474422	0.193623607870914	3	1	3	5
"234"	"BTTF"	0.00343905335565671	0.0659382398947722	2	3	3	1
"235"	"BTU"	-0.00329830104287201	0.0441314056227512	2	3	2	2
"236"	"BTX"	-0.0110896342232724	0.0817097300896629	3	3	3	3
"237"	"BTXC"	-0.012944722151447	0.241529244409448	3	1	3	5
"238"	"BTZ"	-0.0033842857455977	0.139986037088057	2	3	2	2
"239"	"BUCKS"	-0.00472455509711483	0.326978395255556	3	1	2	6
"240"	"BUK"	-0.00329672384353062	0.044172454730481	2	3	2	2
"241"	"BUN"	-0.00329827936911592	0.0441316405612435	2	3	2	2
"242"	"BURST"	-0.00631561964749477	0.0815693417704501	3	3	3	3
"243"	"BUZZ"	-0.00663424044432412	0.190740325164182	3	3	2	4
"244"	"BVC"	-0.00391771924785202	0.18162534592133	2	3	3	1
"245"	"BWK"	-0.00964853926509358	0.105050950832289	3	3	3	3
"246"	"BXC"	0.00849723774082852	0.167943229990106	2	3	3	1
"247"	"BXT"	0.00212285433623142	0.439122378306633	2	1	3	8
"248"	"BYC"	-0.0106621034869467	0.150496046532378	3	1	3	5
"249"	"C2"	-0.00439668837070736	0.409438771848968	3	1	3	5
"250"	"CAB"	-0.00503378441905264	0.256201423816213	3	1	3	5
"251"	"CACH"	-0.00635805618899568	0.114039709585315	3	3	3	3
"252"	"CAG"	0.00417142419768712	0.330381382969367	2	1	2	7
"253"	"CAID"	-0.00704958752808809	0.238744104381739	3	1	3	5
"254"	"CAIX"	-0.00329791942042083	0.0441307523514876	2	3	2	2
"255"	"CALC"	-0.0127366747718384	0.303259730561207	3	1	3	5
"256"	"CAM"	0.00735984078586778	0.243231649005041	2	1	2	7
"257"	"CAN"	-0.012019456470036	0.41574476996579	3	1	2	6
"258"	"CANN"	-0.0103207597285544	0.0855618235250287	3	3	2	4
"259"	"CAP"	-0.00690999631343017	0.7660104690935	3	4	2	12
"260"	"CAPP"	-0.0085515103999404	0.0995999311604928	3	3	2	4
"261"	"CARBON"	-0.00514839740666301	0.206793340125043	2	3	3	1
"262"	"CASH"	-0.00329778524006929	0.0441384297114438	2	3	3	1
"263"	"CAT*"	-0.0129534746643365	0.177426614795526	3	3	3	3
"264"	"CBC"	0.0194325533010491	0.568420393633909	2	4	3	16
"265"	"CBD"	0.000652710131918985	0.0145928703135951	2	3	3	1
"266"	"CBX"	0.00144434494098223	0.542043273589127	2	2	2	10
"267"	"CC"	-0.0048403227263488	0.25209453263131	2	1	2	7
"268"	"CCC"	-0.00238515193206498	0.315580209212424	2	1	3	8
"269"	"CCN"	-0.00997019340169062	0.0940731691338086	3	3	2	4
"270"	"CCO"	-0.00713260426748576	0.304298895605257	3	1	2	6
"271"	"CCRB"	-0.00234538889542553	0.369644276187	2	1	2	7
"272"	"CCT"	-0.0116711358008478	0.118967954527834	3	3	2	4
"273"	"CCX"	-0.00168083507948151	0.372774513844646	2	1	3	8
"274"	"CDN"	-0.00672045291755076	0.114467845430437	3	3	2	4
"275"	"CDT"	-0.00741873485948515	0.0985056605757544	3	3	3	3
"276"	"CDX"	-0.0137225023358796	0.488716315339257	3	1	2	6
"277"	"CDY"	-0.0169892664918373	0.195815802953956	3	1	2	6
"278"	"CEFS"	-0.00488511373350618	0.102313350638532	2	3	3	1
"279"	"CELL"	0	0	2	2	3	9
"280"	"CESC"	0.00251171104058457	0.305299536345017	2	1	3	8
"281"	"CETI"	-0.00329852244019274	0.0441416424155867	2	3	3	1
"282"	"CF"	-0.000528337139291092	0.445135925096083	2	1	2	7
"283"	"CFC"	-0.0101552426852546	0.316393594451828	3	1	2	6
"284"	"CFT"	-0.00839701882167304	0.108504633204023	3	3	2	4
"285"	"CGA"	-0.0032985262370602	0.0441499694463858	2	3	2	2
"286"	"CGT"	-0.00329794232843267	0.0441382711710823	2	3	2	2
"287"	"CHA"	-0.00329875471417454	0.0441323344356483	2	3	2	2
"288"	"CHAO"	-0.00329832651153236	0.0441322038371134	2	3	2	2
"289"	"CHASH"	-0.0032982169676686	0.0441254505586504	2	3	3	1
"290"	"CHAT"	-0.0095244857244715	0.255121941682987	3	1	3	5
"291"	"CHC"	0	0	2	2	2	10
"292"	"CHESS"	-0.000324545180300458	0.171121050615907	2	1	2	7
"293"	"CHIEF"	-0.00329827936911592	0.0441316405612435	2	3	3	1
"294"	"CHILD"	-0.00329798636260593	0.0441321094199869	2	3	3	1
"295"	"CHIP"	-0.00508426929194591	0.349582789629657	3	1	2	6
"296"	"CHOOF"	-0.0011945732415922	0.24141027852737	2	1	2	7
"297"	"CIN"	-0.00283949463438537	0.121019489874689	2	3	3	1
"298"	"CINNI"	-0.00329852382563391	0.0441308285186034	2	3	1	19
"299"	"CIR"	-0.00329827936911592	0.0441316405612435	2	3	3	1
"300"	"CIRC"	0.00818506085670489	0.194968875278219	2	1	2	7
"301"	"CJ"	-0.00797887775417554	0.311198115174602	3	1	3	5
"302"	"CJC"	-0.00635402899240094	0.210188586128066	3	3	3	3
"303"	"CKC"	-0.00329763186678776	0.0441316165523603	2	3	2	2
"304"	"CLAM"	-0.00703642389674501	0.27264686997282	3	1	3	5
"305"	"CLD"	-0.0154985630240184	0.554032767290796	3	1	3	5
"306"	"CLICK"	0.0117085843830776	0.597695410478918	2	2	3	9
"307"	"CLINT"	-0.00648351335998865	0.263932501700796	3	1	3	5
"308"	"CLOAK"	-0.00892171229302334	0.0847601492525645	3	3	3	3
"309"	"CLR"	-0.00329860808014091	0.0441351196921558	2	3	3	1
"310"	"CLUB"	-0.00680082656439566	0.280428304843006	3	1	3	5
"311"	"CLUD"	-0.00480310907309438	0.321472871024004	3	1	3	5
"312"	"CLV"	0	0	2	2	3	9
"313"	"CMC"	-0.000697668556854766	0.115438641690646	2	3	3	1
"314"	"CMP"	-0.00214002463185009	0.0738841947843898	2	3	3	1
"315"	"CMPCO"	-0.00597830039071619	0.136729615365963	3	3	3	3
"316"	"CMS"	-0.0101893029200792	0.21606601530151	3	3	2	4
"317"	"CMT"	-0.0057379846789784	0.328225037708667	3	1	3	5
"318"	"CMTC"	-0.0126137279369456	0.378379342862449	3	1	2	6
"319"	"CNBC"	-0.00329844555371941	0.0441292913058615	2	3	3	1
"320"	"CNC"	-0.00329798636260593	0.0441347384057458	2	3	2	2
"321"	"CND"	-0.00614687826824389	0.0961458417133053	3	3	3	3
"322"	"CNL"	-0.00329913186874921	0.0441418578873506	2	3	3	1
"323"	"CNMT"	-0.00329949670930174	0.0442117117987747	2	3	2	2
"324"	"CNO"	-0.00689997680008959	0.147092987110064	3	3	2	4
"325"	"CNT"	-0.0122891168057177	0.241485732611368	3	1	2	6
"326"	"CNX"	-0.00389438490708132	0.330077931608934	2	2	3	9
"327"	"COAL"	-0.00682780794280087	0.128660674733413	3	3	3	3
"328"	"COB"	-0.00773055558846075	0.2211268265874	3	3	3	3
"329"	"COC"	-0.00271240993040429	0.0513846401603783	2	3	2	2
"330"	"COE"	0	0	2	2	2	10
"331"	"COIN"	0.0189046088660975	0.328760256004589	2	1	2	7
"332"	"COLX"	0.00270563355236498	0.212787470288098	2	1	2	7
"333"	"COMM"	-0.00329794232843267	0.0441382711710823	2	3	2	2
"334"	"COMP"	-0.0058697357810994	0.304515968410192	3	1	2	6
"335"	"CON"	-0.00815483968905619	0.280966828910089	3	1	3	5
"336"	"COOL"	-0.00329822274516583	0.0441292413719959	2	3	3	1
"337"	"COR"	-0.0064961735990893	0.0822484933877787	3	3	3	3
"338"	"CORAL"	-0.00526746350697441	0.287811525122705	3	1	2	6
"339"	"CORE"	-0.00958949547019255	0.127293392258689	3	3	3	3
"340"	"COV"	-0.00266797746301539	0.121129342346543	2	3	3	1
"341"	"COVAL"	-0.00710353496121585	0.0848595772765492	3	3	2	4
"342"	"COX"	-0.00735137876068231	0.382437019439215	3	1	3	5
"343"	"CPAY"	-0.00792209105336415	0.138979336838205	3	3	3	3
"344"	"CPC"	-0.00328280522358126	0.330172965384341	2	1	2	7
"345"	"CPN"	-0.0050755712644339	0.12619527486719	2	3	3	1
"346"	"CQST"	-0.00329818735932302	0.145436559686171	2	3	3	1
"347"	"CRAB"	-0.0095632784777058	0.331257594562981	3	1	3	5
"348"	"CRACK"	-0.00329845751355397	0.0441294456186492	2	3	2	2
"349"	"CRAFT"	-0.0176014104878344	0.443332299250681	3	4	3	13
"350"	"CRAIG"	-0.00329835501386581	0.0441282800909742	2	3	2	2
"351"	"CRAVE"	-0.0352437700166397	0.650218791333314	3	2	3	11
"352"	"CRB"	-0.0141801785992949	0.128524695166879	3	3	2	4
"353"	"CRE"	-0.00413696101811414	0.0791447244377977	2	3	2	2
"354"	"CREA"	-0.0112014297626449	0.088472412513834	3	3	3	3
"355"	"CRED"	-0.0114648634199875	0.186768287673988	3	3	2	4
"356"	"CREDO"	3.64651419477991e-05	0.396442510712354	2	1	3	8
"357"	"CREVA"	-0.0107700565918567	0.228675613031858	3	1	2	6
"358"	"CRM"	0.00628071958245368	0.144272622342947	2	3	3	1
"359"	"CRPS"	-0.00374298043577235	0.20154100050533	2	3	3	1
"360"	"CRTM"	-0.012931142232055	0.612269321012569	3	4	2	12
"361"	"CRW"	-0.00806146585975669	0.0922905161972215	3	3	3	3
"362"	"CRX"	-0.00772442871467743	0.264123027204128	3	1	3	5
"363"	"CRYPT"	-0.0072090311794713	0.0857636516027079	3	3	3	3
"364"	"CS"	-0.0122606206293216	0.318821836419399	3	1	2	6
"365"	"CSC"	-0.0198401365068995	0.316784665298271	3	1	3	5
"366"	"CSH"	0	0	2	2	3	9
"367"	"CSMIC"	0	0	2	2	2	10
"368"	"CSNO"	-0.00676386278205741	0.113220198908821	3	3	2	4
"369"	"CST"	-0.00219046706722914	0.130944875099222	2	3	2	2
"370"	"CTC"	0	0	2	2	2	10
"371"	"CTIC"	-0.00285859099221528	0.0543162846445027	2	3	2	2
"372"	"CTO"	-0.00439600556664604	0.225066927873994	2	1	2	7
"373"	"CTR"	-0.0128574145130267	0.114177291982947	3	3	3	3
"374"	"CTT"	-0.0106510826899361	0.384875061795214	3	4	2	12
"375"	"CTX"	-0.00612349523928617	0.861267497688454	3	4	3	13
"376"	"CUBE"	0.0239261915358598	0.736615536066128	2	2	2	10
"377"	"CURE"	-0.00595500365462655	0.0782097565203828	2	3	3	1
"378"	"CVC"	-0.00741944623406943	0.077398330154172	3	3	2	4
"379"	"CWV"	-0.000975892466896954	0.138219311250634	2	3	2	2
"380"	"CWXT"	-0.00482723117878465	0.144657098676303	2	3	3	1
"381"	"CXC"	-0.00329799929105033	0.0441349939225591	2	3	3	1
"382"	"CXT"	3.77814251565362e-05	0.398763050082358	2	1	2	7
"383"	"CYC"	-0.00678936243111475	0.322762595544499	3	1	2	6
"384"	"CYG"	-0.0275505201396479	0.4701020510766	3	2	3	11
"385"	"CYP"	0.00272994592813238	0.0392360845894593	2	3	3	1
"386"	"CZC"	-0.00329794232843267	0.0441261258213254	2	3	2	2
"387"	"DAI"	-0.000179648572575903	0.0113298576162691	2	3	2	2
"388"	"DANK"	-0.00329816904611668	0.0441163061178929	2	3	3	1
"389"	"DARK"	-0.00710945831130782	0.120759007419374	3	3	2	4
"390"	"DAS"	0.0167416697247548	0.429086661880454	2	2	3	9
"391"	"DASH"	-0.00674436852785785	0.0616685468196313	3	3	2	4
"392"	"DAT"	-0.00991808219676952	0.094491026538744	3	3	2	4
"393"	"DATA"	-0.00613369464908953	0.0847087052570859	2	3	3	1
"394"	"DAXX"	-0.00803774131487399	0.189345183606855	3	3	3	3
"395"	"DAY"	-0.00665208949558847	0.233797744606162	3	3	2	4
"396"	"DB"	-0.000974521704750635	0.0126775635858057	2	3	2	2
"397"	"DBET"	-0.00791424938397773	0.115200477060509	3	3	2	4
"398"	"DBG"	-0.00251262496798181	0.101803982246056	2	3	3	1
"399"	"DBIC"	-0.00505236317759973	0.250294871620749	3	1	2	6
"400"	"DBIX"	-0.00696562599080101	0.0917731937578244	3	3	3	3
"401"	"DBTC"	-0.00388889517158535	0.279345195911861	2	1	3	8
"402"	"DCC"	0.00241089939944938	0.4045810226087	2	1	3	8
"403"	"DCK"	-0.00804590586034275	0.224408720248815	3	1	3	5
"404"	"DCN"	0.000489774708214563	0.200507472664286	2	1	3	8
"405"	"DCR"	-0.00439407551822464	0.0683497970143039	2	3	2	2
"406"	"DCRE"	0.00204086386841891	0.0722994714148058	2	3	2	2
"407"	"DCY"	-0.00362045313221177	0.184521202981406	2	3	3	1
"408"	"DDF"	-0.00521455193949805	0.102890323171977	2	3	3	1
"409"	"DEA"	-0.00164233515827219	0.145330486950653	2	3	3	1
"410"	"DEEP"	-0.000897552095552011	0.0451094535251093	2	3	3	1
"411"	"DEM"	-0.00153105483422439	0.262086823373519	2	1	2	7
"412"	"DES"	0.0103035998698112	0.393699540933932	2	2	3	9
"413"	"DETH"	-0.003801316673855	0.257359526631173	2	1	3	8
"414"	"DEUR"	0	0	2	2	1	24
"415"	"DFS"	-0.0112515551122615	0.137996473669528	3	3	2	4
"416"	"DFT"	-0.0151158819328752	0.149240926173709	3	3	3	3
"417"	"DGB"	-0.00518739122025467	0.0793062467635935	2	3	3	1
"418"	"DGC"	-0.00630885489982764	0.122894436459708	3	3	3	3
"419"	"DGD"	-0.00583914574385819	0.0825308231708829	2	3	3	1
"420"	"DGDC"	3.0190809252966e-05	0.464576340166334	2	1	3	8
"421"	"DGMS"	-0.0012068029642927	0.277221548305317	2	1	2	7
"422"	"DGORE"	-0.00880384106905844	0.152401517185408	3	3	3	3
"423"	"DGPT"	-0.00806432366809732	0.141371106675874	3	3	2	4
"424"	"DICE"	-0.00541333451746832	0.0931353752953278	2	3	3	1
"425"	"DIEM"	-0.00329827936911592	0.178836059580259	2	3	3	1
"426"	"DIGS"	-0.00329845988841778	0.0441255513261404	2	3	3	1
"427"	"DIM"	-0.0122405928397958	0.2988728232231	3	1	3	5
"428"	"DIME"	-0.00260595994751271	0.183282658959531	2	3	2	2
"429"	"DISK"	-0.00408617396159126	0.137887926330067	2	3	2	2
"430"	"DKC"	-0.0025035265898201	0.0478952838101275	2	3	3	1
"431"	"DLC"	-0.000158087795302767	0.0697979961160469	2	3	3	1
"432"	"DLISK"	-0.00440574296727193	0.165059134455839	2	3	3	1
"433"	"DLT"	-0.00644034658444608	0.101424318475422	3	3	3	3
"434"	"DMD"	-0.00773633488520723	0.0711871105369833	3	3	2	4
"435"	"DNA"	-0.00920945916336637	0.118610903329768	3	3	2	4
"436"	"DNET"	-0.00329860628624148	0.0441240611363455	2	3	2	2
"437"	"DNR"	-0.00731979873724487	0.113256612851864	3	3	3	3
"438"	"DNT"	-0.00621601207542064	0.0988496514834375	3	3	2	4
"439"	"DOC"	-0.00329860808014091	0.0441351196921557	2	3	2	2
"440"	"DOGE"	-0.00325603571039215	0.0712605872918379	2	3	2	2
"441"	"DOGED"	0	0	2	2	2	10
"442"	"DOGETH"	-0.00621432455477532	0.346408532028295	3	1	2	6
"443"	"DON"	-0.00725111708632491	0.107908982724912	3	3	3	3
"444"	"DOPE"	-0.00859086658727659	0.0841042892038357	3	3	3	3
"445"	"DOT"	0	0	2	2	3	9
"446"	"DOV"	-0.0110348363600958	0.127745340346007	3	3	3	3
"447"	"DP"	-0.00768535725079836	0.118941157720875	3	3	3	3
"448"	"DPAY"	-0.00440574296727193	0.142611284282513	2	3	3	1
"449"	"DPP"	-0.00592612456189174	0.113538782828109	2	3	2	2
"450"	"DPY"	-0.011441509164159	0.091765108562239	3	3	2	4
"451"	"DRA"	-0.00338162679608734	0.096739577661118	2	3	3	1
"452"	"DRACO"	4.171440472893e-05	0.000798043552477787	2	3	3	1
"453"	"DRGN"	-0.00668919509859228	0.0954322320997713	3	3	3	3
"454"	"DRKC"	-0.00329846479057288	0.0441337993951605	2	3	2	2
"455"	"DRKT"	0.000717115490349247	0.0380583529678297	2	3	3	1
"456"	"DRM8"	-0.0145554778782002	0.237946633314489	3	1	3	5
"457"	"DROP"	-0.0307920261683866	0.326687467154906	3	1	3	5
"458"	"DRP"	-0.00367656645188241	0.0882125277802952	2	3	2	2
"459"	"DRPU"	-0.00528812344678509	0.153145232861356	2	3	3	1
"460"	"DRT"	-0.00879614419923069	0.139910051646972	3	3	2	4
"461"	"DRXNE"	-0.00934482189614134	0.146258737268111	3	3	2	4
"462"	"DRZ"	-0.00600334583971644	0.0981838435377187	2	3	2	2
"463"	"DSB"	-0.00329813964485055	0.0441143970010636	2	3	3	1
"464"	"DT"	-0.00329835501386581	0.0441136143537703	2	3	2	2
"465"	"DTB"	-0.00783133483230733	0.0879427915601924	3	3	2	4
"466"	"DTC"	-0.00329827936911592	0.0441321913120296	2	3	3	1
"467"	"DTC*"	0	0	2	2	2	10
"468"	"DTR"	-0.00364714880881972	0.140451783967387	2	3	3	1
"469"	"DUB"	0.0062643501969339	0.154051433535903	2	1	3	8
"470"	"DUCK"	-0.00329826555122551	0.0441325502016284	2	3	2	2
"471"	"DUO"	-0.000452225241742004	0.00847546039857881	2	3	3	1
"472"	"DUX"	-0.00383741821247742	0.290783080792105	2	1	2	7
"473"	"DVC"	-0.00329845988841778	0.0441255513261404	2	3	2	2
"474"	"DXC"	-0.00567654387200492	0.443826296342423	3	1	2	6
"475"	"DYN"	-0.00752127348345246	0.074003352202609	3	3	2	4
"476"	"EAC"	-0.00329791480304197	0.0441268556280898	2	3	2	2
"477"	"EAGS"	0	0	2	2	2	10
"478"	"EB3"	0	0	2	2	2	10
"479"	"EBC"	-0.00748221753768072	0.185902885096352	3	1	2	6
"480"	"EBET"	-0.0103467480841676	0.257736871006091	3	1	1	21
"481"	"EBIT"	0	0	2	2	3	9
"482"	"EBS"	-0.00329777187403217	0.044137557514361	2	3	2	2
"483"	"EBST"	-0.00702417781308395	0.106165571776877	3	3	3	3
"484"	"EBTC"	-0.00756468530852089	0.534842403207889	3	4	2	12
"485"	"EC"	-0.00139569842559014	0.515809808342341	2	2	2	10
"486"	"ECA"	0.0100838294565873	0.315621103779874	2	1	2	7
"487"	"ECASH"	-0.00416818696298743	0.203571827779807	2	1	2	7
"488"	"ECH"	-0.0108807360334632	0.16892828654518	3	3	2	4
"489"	"ECO"	-0.0128651062687331	0.301616225723121	3	1	2	6
"490"	"ECOB"	-0.00607260516658703	0.332876301059916	3	1	3	5
"491"	"EDC"	-0.0101485591822185	0.334303696244484	3	1	3	5
"492"	"EDDIE"	-0.0150951310568708	0.128411009858216	3	3	2	4
"493"	"EDG"	-0.00850459651067345	0.170542795992209	3	3	3	3
"494"	"EDGE"	-0.00329910033496495	0.0441268261251738	2	3	2	2
"495"	"EDO"	-0.00425483793196469	0.0774170378042106	2	3	3	1
"496"	"EDRC"	0.00147150314863291	0.233826082864992	2	1	2	7
"497"	"EFL"	-0.00694195433181475	0.0924835298433189	3	3	2	4
"498"	"EFYT"	-0.0023420942022988	0.24845898967532	2	1	2	7
"499"	"EGAS"	-0.0148148395904416	0.489252945655074	3	1	2	6
"500"	"EGC"	-0.009413040710481	0.0773725510103154	3	3	3	3
"501"	"EGG"	-0.00120542758606785	0.0459697485768859	2	3	2	2
"502"	"EGO"	-0.00651608409704392	0.333312996804249	3	1	3	5
"503"	"EKN"	0	0	2	2	2	10
"504"	"EKO"	0.0125682017510409	0.354642065420034	2	1	3	8
"505"	"ELC"	0.00141919782660817	0.113888388822942	2	1	2	7
"506"	"ELE"	-0.0112723142987736	0.303377094138475	3	1	3	5
"507"	"ELITE"	-0.0044869610252926	0.0935054305370001	2	3	3	1
"508"	"ELIX"	-0.0112537199712557	0.116196232470067	3	3	3	3
"509"	"ELLA"	-0.0107783683057722	0.0979899783903109	3	3	3	3
"510"	"ELM"	0	0.0660951248985837	2	3	2	2
"511"	"ELP"	-0.00262432550799092	0.368795412839857	2	1	2	7
"512"	"ELS"	-0.00329791878797877	0.0441299837045713	2	3	3	1
"513"	"ELTC2"	-0.00399134239746137	0.151958131158019	2	3	3	1
"514"	"ELTCOIN"	-0.00948859332685889	1.56525549931938	1	5	2	17
"515"	"EMB"	-0.00995857245432569	0.222577242567041	3	3	2	4
"516"	"EMC"	-0.00601446817406202	0.0801683314513618	2	3	2	2
"517"	"EMC2"	-0.00754311475330341	0.0831980046148354	3	3	2	4
"518"	"EMD"	-0.0044325358004225	0.0946116047033186	2	3	2	2
"519"	"EMPC"	0.009737385147375	0.272376356531259	2	1	2	7
"520"	"EMV"	-0.00374862857081644	0.35297891866871	2	1	2	7
"521"	"ENE"	-0.00686002776059541	0.212626268964636	3	3	2	4
"522"	"ENG"	-0.00603842974921494	0.0869592738471355	2	3	2	2
"523"	"ENJ"	-0.00390286460624703	0.0896526834610008	2	3	2	2
"524"	"ENRG"	-0.0113665013051195	0.0826313468628034	3	3	3	3
"525"	"ENT"	-0.0119519176696335	0.171782640662358	3	3	2	4
"526"	"ENTER"	-0.0057928017598129	0.33726658912724	3	1	3	5
"527"	"ENTRC"	-0.0243981089697778	0.39106665754492	3	4	2	12
"528"	"EOC"	-0.00425008546219482	0.11223695235195	2	3	3	1
"529"	"EOS"	-0.00271611909817657	0.0784311778381038	2	3	3	1
"530"	"EPY"	-0.00600607944718525	0.114903065491221	3	3	3	3
"531"	"EQ"	-0.00329760782534598	0.0441272994815101	2	3	2	2
"532"	"EQM"	0.0254527688184587	0.487585198323058	2	2	3	9
"533"	"EQT"	0.00162847122904159	0.0323833544965025	2	3	2	2
"534"	"EQUAL"	0.00514348041665716	0.138707046447537	2	3	2	2
"535"	"ERC"	-0.00723276270243887	0.0820156208648659	3	3	2	4
"536"	"EREAL"	-0.0100048581856988	0.92507344071936	3	4	2	12
"537"	"ERO"	-0.00738323378827931	0.082429648336054	3	3	2	4
"538"	"ERR"	-0.00408508411696685	0.105639070794951	2	3	2	2
"539"	"ERY"	0	0	2	2	2	10
"540"	"ESP"	-0.00440574296727193	0.212151908017508	2	3	2	2
"541"	"EST"	0	0	2	2	2	10
"542"	"ETBS"	-0.00750083915152451	0.194716838837915	3	1	3	5
"543"	"ETBT"	-0.0156330349546235	0.382187396708758	3	4	3	13
"544"	"ETC"	-0.00421881697167956	0.0670188456363423	2	3	3	1
"545"	"ETG"	-0.0193743198094525	0.599127113104731	3	4	3	13
"546"	"ETH"	-0.00449996994645825	0.0579696095203033	2	3	3	1
"547"	"ETHB"	-0.00417474366952687	0.284930757037317	2	1	2	7
"548"	"ETHD"	-0.00675890389951214	0.122442895739007	3	3	3	3
"549"	"ETHOS"	-0.00828257208078356	0.134458628741746	3	3	2	4
"550"	"ETHS"	-0.0102723829571527	0.236570600217535	3	1	3	5
"551"	"ETL"	0.00235559941083843	0.0890493399473224	2	3	3	1
"552"	"ETN"	-0.0062904720268789	0.0937205706115579	3	3	3	3
"553"	"ETP"	-0.00389411845631457	0.0907709796773631	2	3	2	2
"554"	"ETT"	-0.00720010593463157	0.322367898683695	3	1	3	5
"555"	"EUC"	-0.00662619512318682	0.290249050756758	3	1	3	5
"556"	"EVC"	-0.0072808634313762	0.174266292148205	3	3	3	3
"557"	"EVENT"	-0.00329864155938012	0.0441248647929339	2	3	3	1
"558"	"EVIL"	-0.00551411522719734	0.362446534796787	3	1	3	5
"559"	"EVR"	-0.0161772485088998	0.301921943920099	3	1	2	6
"560"	"EVX"	-0.00544638556001022	0.08892730824562	2	3	2	2
"561"	"EXB"	-0.00158216125124018	0.216521660599365	2	3	3	1
"562"	"EXC"	-0.00329906416808594	0.0441292277449373	2	3	2	2
"563"	"EXCL"	-0.00721477847078327	0.0752582551564722	3	3	3	3
"564"	"EXE"	-0.00329817265191849	0.0441394718975932	2	3	3	1
"565"	"EXIT"	-0.00143486890695856	0.348737284925752	2	1	3	8
"566"	"EXN"	-0.00329827936911592	0.305442959478997	2	1	3	8
"567"	"EXP"	-0.0102325943296062	0.0807252738256494	3	3	2	4
"568"	"EZC"	-0.00329847694537566	0.0441210086049969	2	3	2	2
"569"	"F16"	-0.00706186708491922	0.260981389083822	3	1	2	6
"570"	"FAIR"	-0.00542372293185741	0.070686071971069	2	3	2	2
"571"	"FAME"	-0.00329864307451667	0.0441273645140351	2	3	3	1
"572"	"FAZZ"	-0.0103704957387161	0.504380523699729	3	2	2	14
"573"	"FC"	0.00394743393338758	0.489733447037749	2	1	3	8
"574"	"FC2"	-0.00866407788168161	0.103366725427299	3	3	3	3
"575"	"FCN"	-0.0053988571624553	0.61079498616385	3	1	3	5
"576"	"FCS"	-0.00329843904368962	0.0441501301357073	2	3	2	2
"577"	"FCT"	-0.00448375215694046	0.0861674635383864	2	3	2	2
"578"	"FFC"	-0.00192282951078848	0.339271044120478	2	1	3	8
"579"	"FGZ"	-0.00561385540733373	0.207015455013864	3	3	2	4
"580"	"FIBRE"	-0.00329839391959577	0.044077647592638	2	3	3	1
"581"	"FIND"	-0.00875976523076	0.145661666315581	3	3	3	3
"582"	"FIRE"	-0.00385929358822149	0.138270587516721	2	3	2	2
"583"	"FIRST"	0	0	2	2	3	9
"584"	"FIST"	-0.00785547619061578	0.371399185345529	3	1	2	6
"585"	"FIT"	-0.00440574296727193	0.239960100937679	2	1	3	8
"586"	"FJC"	-0.00795510171318305	0.177646592384303	3	3	3	3
"587"	"FLASH"	-0.00639470513571589	0.109074529592946	3	3	3	3
"588"	"FLDC"	-0.00986341832628836	0.0821363407116181	3	3	3	3
"589"	"FLEX"	-0.00329818735932302	0.0441199734193612	2	3	2	2
"590"	"FLIK"	-0.0101798600847733	0.338477813951936	3	1	2	6
"591"	"FLIXX"	-0.00597178349264182	0.144606059558746	3	3	3	3
"592"	"FLLW"	-0.00138708906304907	1.62797471644395	1	5	2	17
"593"	"FLO"	-0.00282989121880295	0.0979413559440552	2	3	2	2
"594"	"FLT"	-0.0062288205209047	0.0963163807382472	3	3	3	3
"595"	"FLVR"	-0.00678936243111475	0.126131796364305	3	3	3	3
"596"	"FLX"	-0.00329869790210516	0.156926979759549	2	3	3	1
"597"	"FLY"	0.00866763882304183	0.165821694517373	2	3	3	1
"598"	"FNL"	0.0183277760359229	0.6143303412275	2	4	3	16
"599"	"FNX"	0	0	2	2	2	10
"600"	"FONZ"	-0.00955781071434978	0.365940395645335	3	1	3	5
"601"	"FOREX"	-0.00508963496419864	0.265043777298024	3	1	3	5
"602"	"FORK"	-0.00507588745486397	0.1282851320545	2	3	3	1
"603"	"FPC"	-0.00164877387486242	0.332928348718953	2	1	2	7
"604"	"FRAC"	-0.00329803971541339	0.0441265272685965	2	3	2	2
"605"	"FRAZ"	-0.00329843904368962	0.0441501301357073	2	3	3	1
"606"	"FRC"	-0.000304706625433569	0.173207904620792	2	1	2	7
"607"	"FRD"	-0.00810139541999022	0.113266060533134	3	3	3	3
"608"	"FRE"	-0.00816398079825945	0.199258948796826	3	3	2	4
"609"	"FRK"	-0.0057930697710385	0.420384069014657	3	1	3	5
"610"	"FRN"	0.00173783494130976	0.243938783144597	2	1	3	8
"611"	"FRST"	-0.0232782430248278	0.166813368354748	3	3	2	4
"612"	"FRWC"	0.000609681834191832	0.0116639002762081	2	3	3	1
"613"	"FSN"	0.0129440640877983	0.382841759972209	2	4	3	16
"614"	"FST"	-0.00128289535452103	0.0672354238580119	2	3	2	2
"615"	"FT"	0.0111783621547396	0.373712427079141	2	4	2	15
"616"	"FTC"	-0.00795790776812164	0.0782880518339623	3	3	3	3
"617"	"FTP"	-0.00329757475911177	0.0441217010635547	2	3	2	2
"618"	"FUCK"	-0.00329772548196764	0.0441390892566442	2	3	3	1
"619"	"FUEL"	-0.00790317714699573	0.0894927454995404	3	3	2	4
"620"	"FUN"	-0.00835093583462863	0.0818212661847368	3	3	2	4
"621"	"FUNC"	-0.0080987456810723	0.195768460589198	3	3	3	3
"622"	"FUNK"	-0.00561285674428496	0.291148599136007	3	1	2	6
"623"	"FUTC"	-0.00110851130973599	0.266919368830039	2	1	2	7
"624"	"FUZZ"	-0.0103393159396674	0.26528660498774	3	1	3	5
"625"	"FX"	-0.000974521704750635	0.154903127473437	2	1	3	8
"626"	"FYN"	-0.00935353309850803	0.202517446487542	3	1	2	6
"627"	"FYP"	-0.00897972162620782	0.169550940580124	3	3	2	4
"628"	"GAIA"	-0.00289496993325722	0.09449321579839	2	3	3	1
"629"	"GAKH"	-0.00266855739015398	0.18577468394607	2	1	2	7
"630"	"GAM"	-0.00720165380936853	0.0761682773594215	3	3	2	4
"631"	"GAME"	-0.0104307522753071	0.0784426168591484	3	3	2	4
"632"	"GAP"	-0.00353492804855505	0.121554575759835	2	3	3	1
"633"	"GAS"	-0.00685869635869228	0.0859916518625425	3	3	2	4
"634"	"GB"	-0.00886206708200052	0.148690226436396	3	3	2	4
"635"	"GBG"	-0.00885633268569043	0.0777059312446768	3	3	3	3
"636"	"GBIT"	-0.00634742764509313	0.153733068943888	3	3	3	3
"637"	"GBRC"	0	0	2	2	2	10
"638"	"GBT"	-0.00515029973555425	0.364901172802674	3	1	3	5
"639"	"GBYTE"	-0.00859185469083272	0.0791695575138541	3	3	3	3
"640"	"GCC"	-0.00341775174339845	0.0954939823211726	2	3	2	2
"641"	"GCC*"	-0.00743854017486235	0.403358907155207	3	2	3	11
"642"	"GCN"	-0.00329827936911592	0.0441316405612435	2	3	2	2
"643"	"GCR"	-0.00486460576319066	0.357947843690075	3	1	3	5
"644"	"GDC"	-0.00329827936911592	0.310705563574233	2	1	2	7
"645"	"GEMZ"	-0.00329929717364081	0.0441420570507816	2	3	2	2
"646"	"GEN"	-0.00691040138984858	0.322483565873537	3	1	3	5
"647"	"GEO"	-0.0052058628820909	0.300130643969993	3	1	2	6
"648"	"GER"	-0.0047905409282204	0.106651738238183	2	3	3	1
"649"	"GGS"	-0.0044992483580506	0.0579649290546234	2	3	2	2
"650"	"GHC"	-0.0032983347469387	0.0441286488858557	2	3	2	2
"651"	"GHOUL"	0	0	2	2	2	10
"652"	"GIFT"	-0.00490498061972215	0.11827405635424	2	3	2	2
"653"	"GIG"	-0.00365553016834454	0.144874792231999	2	3	3	1
"654"	"GIM"	-0.00972144965471107	0.39146420822194	3	1	3	5
"655"	"GIN"	0.0043215878619194	0.234221143662395	2	1	3	8
"656"	"GIVE"	-0.00329845988841778	0.0441255513261404	2	3	3	1
"657"	"GIZ"	0	0.281712755201548	2	1	2	7
"658"	"GLC"	-0.00629121610107663	0.32148433848062	3	1	2	6
"659"	"GLD"	-0.0065887409323311	0.102731695287746	3	3	2	4
"660"	"GLOBE"	-0.00329827936911592	0.0441316405612435	2	3	2	2
"661"	"GLT"	-0.00329786367622775	0.0441451582454353	2	3	3	1
"662"	"GLX"	-0.00329848669308991	0.0441251432990172	2	3	2	2
"663"	"GLYPH"	-0.00329410071428042	0.0441912159037009	2	3	2	2
"664"	"GMC"	0	0	2	2	3	9
"665"	"GML"	-0.00896766001121344	0.24694149528295	3	1	2	6
"666"	"GMX"	-0.00857209211615411	0.872396064244062	3	2	3	11
"667"	"GNJ"	0	0	2	2	2	10
"668"	"GNO"	-0.00777920463480796	0.0718284045167747	3	3	3	3
"669"	"GNT"	-0.00648293927071347	0.083321521848099	3	3	3	3
"670"	"GOAT"	-0.010688587446525	0.200576999307369	3	1	3	5
"671"	"GOLOS"	-0.00940521101636826	0.109706203837894	3	3	3	3
"672"	"GOOD"	-0.00660349104838978	1.31014588924148	1	5	3	18
"673"	"GOON"	-0.00519230464404604	0.21841970278099	3	1	3	5
"674"	"GOT"	-0.0035404732984404	0.338034999592932	2	1	3	8
"675"	"GOTX"	-0.00506710483734176	0.349572520300196	3	1	3	5
"676"	"GP"	-0.00367779548533614	0.108631399791881	2	3	3	1
"677"	"GPL"	-0.00727288064343185	0.0969054836530792	3	3	3	3
"678"	"GPU"	-0.00933989893341058	0.304708054952061	3	1	3	5
"679"	"GRAM"	-0.00221110638496521	0.214170132474442	2	3	2	2
"680"	"GRAV"	0.00846553668747015	0.208065196418867	2	1	2	7
"681"	"GRC"	-0.00799589598738337	0.0723998860428906	3	3	2	4
"682"	"GRE"	-0.00623573863293356	0.342261416893932	3	1	2	6
"683"	"GREXIT"	-0.00357990048750449	0.109175394061605	2	3	3	1
"684"	"GRID"	0	0	2	2	2	10
"685"	"GRM"	-0.00329901542285707	0.0441121644334373	2	3	2	2
"686"	"GROW"	0	0	2	2	3	9
"687"	"GRS"	-0.00484259415696656	0.0966372596805027	2	3	3	1
"688"	"GRW"	-0.00612942512116226	0.147466671673294	3	3	3	3
"689"	"GRX"	-0.0191403308342966	0.145249493101805	3	3	3	3
"690"	"GSM"	-0.00260648032470449	0.0383747930716566	2	3	2	2
"691"	"GSX"	-6.13391498294861e-05	0.00117348703293233	2	3	3	1
"692"	"GSY"	-0.00755255902112458	0.131158260623438	3	3	3	3
"693"	"GUE"	-0.00329879561280725	0.0441524411413827	2	3	3	1
"694"	"GUN"	-0.00574023406818632	0.124522314123302	2	3	2	2
"695"	"GUNS"	-0.0107910208042176	0.128482498350886	3	3	3	3
"696"	"GUP"	-0.010327872845408	0.0909499852775522	3	3	2	4
"697"	"GVT"	-0.00157203318279662	0.0960148566847742	2	3	3	1
"698"	"GXC"	-0.0137929127501241	0.263268587211336	3	1	3	5
"699"	"GXC*"	-0.00329791480304197	0.0441268556280898	2	3	3	1
"700"	"GXS"	-0.0059019859400724	0.0729181889921621	2	3	3	1
"701"	"H2O"	-0.0051125918117524	0.823419484267185	3	4	2	12
"702"	"HAC"	0.00419489054721415	0.123396796508813	2	1	3	8
"703"	"HAL"	-0.0064428789118952	0.150306746895107	3	3	2	4
"704"	"HALLO"	-0.00359114499619842	0.29504165105119	2	1	2	7
"705"	"HAMS"	-0.00565779270892261	0.259754366268818	3	1	2	6
"706"	"HAZE"	1.13819640769592e-06	0.147049093734784	2	1	2	7
"707"	"HBN"	-0.0051414131823689	0.0861987140729558	2	3	2	2
"708"	"HBT"	-0.00177743541190769	0.94719650003042	3	4	2	12
"709"	"HC"	0.00358661595100593	0.284859942295894	2	1	2	7
"710"	"HCC"	-0.0127405121877412	0.3369217053532	3	1	2	6
"711"	"HDG"	-0.00865493862921804	0.2417810085487	3	1	3	5
"712"	"HEAT"	0.0101699638439124	0.289867118803756	2	2	3	9
"713"	"HEX"	-0.00451005702450314	0.0580932260206461	2	3	3	1
"714"	"HILL"	0	0	2	2	2	10
"715"	"HIRE"	0.00250161316039268	0.450237816601118	2	2	2	10
"716"	"HKG"	-0.00329852244019274	0.0441416424155867	2	3	2	2
"717"	"HKN"	-0.00398732637993716	0.11386468536426	2	3	3	1
"718"	"HLC"	-0.00396370016102432	0.271226684681327	2	1	1	23
"719"	"HMC"	-0.00108316878712055	0.126591427981478	2	3	2	2
"720"	"HMP"	-0.0098842949312174	0.196876972153019	3	3	2	4
"721"	"HMQ"	-0.0108055572974316	0.0745954355447929	3	3	2	4
"722"	"HNC"	-0.00319335569684471	0.152386410955816	2	3	2	2
"723"	"HODL"	-0.004423791281563	0.447204049207303	3	4	2	12
"724"	"HONEY"	-0.00329835686769076	0.0441291981783071	2	3	2	2
"725"	"HPC"	-0.000158506217185563	0.192526825439235	2	3	2	2
"726"	"HRB"	-0.0044987186836692	0.0579660890804762	2	3	3	1
"727"	"HSP"	-0.00386012882084553	0.129524629602959	2	3	3	1
"728"	"HSR"	-0.00880886282794165	0.0781978875604159	3	3	2	4
"729"	"HST"	-0.00765474838244118	0.173938167653758	3	1	3	5
"730"	"HTC"	-0.00971831428941498	0.269109211187947	3	1	3	5
"731"	"HTML"	-0.00585833514076525	0.120112847920276	2	3	2	2
"732"	"HTML5"	-0.00726094860138078	0.241368333616562	3	1	3	5
"733"	"HUC"	-0.00878517442596995	0.0840843627307836	3	3	2	4
"734"	"HUGE"	0	0	2	2	3	9
"735"	"HUSH"	-0.0132865967618956	0.119662199606865	3	3	3	3
"736"	"HVC"	-0.00329864155938012	0.0441248647929339	2	3	2	2
"737"	"HVCO"	0.0111679114592039	0.213654726528543	2	3	3	1
"738"	"HVN"	-0.00792053105563566	0.102590306040629	3	3	2	4
"739"	"HXX"	0.000290473635008465	0.375918261719142	2	1	3	8
"740"	"HYP"	0	0	2	2	3	9
"741"	"HYPER"	-0.000998613760495565	0.361428227214909	2	4	3	16
"742"	"HZ"	-0.00329791480304197	0.0441268556280898	2	3	3	1
"743"	"HZT"	-0.0100237069584602	0.129825925023574	3	3	3	3
"744"	"I0C"	0	0	2	2	3	9
"745"	"IBANK"	-0.00192895836902603	0.123805076695412	2	3	3	1
"746"	"ICASH"	-0.00299936577136803	0.333959460597834	2	1	3	8
"747"	"ICB"	-0.00329781694423567	0.0441393710183198	2	3	3	1
"748"	"ICE"	-0.00639364945876925	1.21416538636172	1	5	3	18
"749"	"ICN"	-0.00686787553139256	0.0792355922896995	3	3	3	3
"750"	"ICOB"	-0.0100258717502571	0.32034973191619	3	1	2	6
"751"	"ICON"	-0.00818506085670489	0.262733199705444	3	1	3	5
"752"	"ICOS"	-0.00896457782978707	0.231941303913958	3	1	3	5
"753"	"ICX"	-0.00830876364922399	0.102262392302942	3	3	2	4
"754"	"IEC"	-0.0012555528125094	0.066193979790312	2	3	3	1
"755"	"IETH"	-0.000269702839344652	0.228362971742004	2	3	2	2
"756"	"IFC"	-0.00329791480304197	0.0441268556280898	2	3	2	2
"757"	"IFLT"	-0.00901433281754768	0.154652419485484	3	3	2	4
"758"	"IFT"	-0.00739904426530658	0.249334453641338	3	1	3	5
"759"	"ILC"	-0.00215357210822148	0.166313564957525	2	1	3	8
"760"	"ILT"	-0.00329784398818341	0.044144419504847	2	3	3	1
"761"	"IML"	-0.0130256003317468	0.259760293614532	3	1	3	5
"762"	"IMPCH"	-0.00329833608921502	0.0441304056149365	2	3	3	1
"763"	"IMPS"	-0.00587939815777356	0.135617487185102	3	3	3	3
"764"	"IMS"	-0.00618536684338146	0.364722873465094	3	1	2	6
"765"	"IMX"	-0.00329852244019274	0.0441416424155867	2	3	2	2
"766"	"IN"	-0.00661302767390828	0.382064350266604	3	1	2	6
"767"	"INC"	-0.000316025730503262	0.207000979767044	2	1	3	8
"768"	"INCNT"	-0.00626682666578512	0.094408232979721	3	3	2	4
"769"	"IND"	-0.0069216631439737	0.128009746756785	3	3	3	3
"770"	"INDI"	-0.00630005578666941	0.160572811610615	3	3	2	4
"771"	"INFX"	-0.0131003218247918	0.264537553027974	3	1	3	5
"772"	"INN"	-0.0144148280919507	0.106247399592242	3	3	3	3
"773"	"INSANE"	-4.69960834783555e-05	0.230492107515089	2	1	3	8
"774"	"INSN"	-0.00604448521751762	0.158233500375999	3	3	3	3
"775"	"INV"	-0.00519230464404604	0.158930097789717	2	3	3	1
"776"	"IOC"	-0.00864939991046681	0.0861555504401558	3	3	3	3
"777"	"ION"	-0.00726179802080841	0.0906090328402933	3	3	3	3
"778"	"IOP"	-0.0105915746365334	0.0857099114739986	3	3	2	4
"779"	"IOT"	-0.00599879589622174	0.0718950184298519	2	3	3	1
"780"	"IOU"	-0.00329822274516583	0.0441292413719959	2	3	2	2
"781"	"IPC"	-0.00329798636260593	0.0441347384057458	2	3	2	2
"782"	"IRL"	-0.00341962821733105	0.153604588621506	2	3	3	1
"783"	"ISL"	-0.00307693263449127	0.31245905509761	2	1	3	8
"784"	"ITT"	-0.00912064862384458	1.31968665828362	1	5	3	18
"785"	"ITZ"	-0.00329819179968904	0.0441204798434355	2	3	2	2
"786"	"IVZ"	-0.00326959973181509	0.161591471800181	2	3	3	1
"787"	"IW"	-7.99068171810841e-06	0.0151697084944587	2	3	3	1
"788"	"IWT"	-0.00845965219351045	0.502985505748706	3	4	3	13
"789"	"IXC"	0	0.0777113201354126	2	3	2	2
"790"	"IXT"	-0.0059562159901113	0.111968185550363	2	3	3	1
"791"	"J"	-0.0068923611590355	0.152912896049101	3	3	2	4
"792"	"JANE"	-0.0122809347781946	0.280335244882383	3	1	3	5
"793"	"JBS"	-0.00331080586002183	0.0441934112329727	2	3	3	1
"794"	"JET"	-0.00329791480304197	0.0441268556280899	2	3	2	2
"795"	"JIF"	-0.0041991959256651	0.158660404215835	2	3	2	2
"796"	"JIO"	0	0	2	2	2	10
"797"	"JKC"	-0.00329767931579516	0.0441329795746804	2	3	2	2
"798"	"JNS"	0.00872661021742669	0.325194643354587	2	2	2	10
"799"	"JNT"	0.0159432150210109	0.474612578254958	2	4	2	15
"800"	"JOBS"	-0.00589263334603633	0.387671981669469	3	2	2	14
"801"	"JOK"	-0.00510948653733281	0.205109318146483	2	3	2	2
"802"	"JUDGE"	-0.00329875816613272	0.0441458776062339	2	3	3	1
"803"	"JWL"	-0.00562681582927362	0.354356233348445	3	1	2	6
"804"	"KARMA"	-0.00834582725021018	0.199736413825495	3	3	3	3
"805"	"KAT"	-0.0134880597835676	0.314695565965268	3	1	3	5
"806"	"KAYI"	-0.00329864307451667	0.0441273645140351	2	3	3	1
"807"	"KBC"	0.00561440871276585	0.140459638236695	2	3	3	1
"808"	"KBR"	-0.0183843096720152	0.218564242112678	3	3	3	3
"809"	"KC"	-0.00355609575318061	0.111275525400464	2	3	3	1
"810"	"KCS"	-0.00420176719481316	0.0920837035714413	2	3	3	1
"811"	"KDC"	-0.00490014271330212	0.129967382951029	2	3	2	2
"812"	"KED"	-0.00458235028075946	0.121089169911291	2	3	2	2
"813"	"KEK"	-0.00550519950967832	0.108130091183347	2	3	2	2
"814"	"KEN"	-0.00438834998206448	0.458992737667845	3	4	2	12
"815"	"KEY"	-0.0137002284198954	0.223524996389867	3	1	3	5
"816"	"KGC"	-0.00440574296727193	0.206808594596937	2	3	3	1
"817"	"KICK"	-0.00585955685744682	0.0947831856326981	2	3	3	1
"818"	"KIN"	-0.00496488153600036	0.0975097402075696	2	3	3	1
"819"	"KING"	-0.00279945384301289	0.15354956449238	2	3	3	1
"820"	"KLC"	0.0018802175930298	0.39977836784602	2	1	2	7
"821"	"KMD"	-0.00655003766779609	0.0725619561186927	3	3	2	4
"822"	"KNC"	-0.00725861795701092	0.0801591873085768	3	3	2	4
"823"	"KOBO"	-0.00599788681604794	0.397736397041942	3	2	3	11
"824"	"KOLION"	-0.00869768569456199	0.0597455062085802	3	3	2	4
"825"	"KORE"	-0.0073388678278257	0.0895122368993396	3	3	3	3
"826"	"KR"	-6.01755069726793e-06	0.000115122523427318	2	3	1	19
"827"	"KRAK"	0.00515408407466761	0.098603434267979	2	3	3	1
"828"	"KRB"	-0.00870979573168899	0.0758837631335612	3	3	3	3
"829"	"KRC"	0	0	2	2	3	9
"830"	"KRONE"	-0.00163343442829404	0.0437466226474708	2	3	2	2
"831"	"KSS"	-0.00329827936911592	0.583736726668002	3	4	2	12
"832"	"KTK"	-0.00991951484442266	0.166282123254913	3	3	2	4
"833"	"KURT"	-0.0084982785410494	0.252381140180605	3	1	2	6
"834"	"KUSH"	0.00191651908025858	0.460331016298886	2	2	3	9
"835"	"LA"	-0.00506924827546625	0.0874443726124024	2	3	3	1
"836"	"LAB"	-0.00329802713189768	0.0441180883963604	2	3	2	2
"837"	"LANA"	-0.00562022063672311	0.27590650076018	3	1	3	5
"838"	"LAT"	0.00212602050409001	0.157244500686755	2	3	3	1
"839"	"LAZ"	-0.00337361875134615	0.248267792777362	2	1	2	7
"840"	"LBC"	-0.00910108881255583	0.0802261069119502	3	3	2	4
"841"	"LBTC"	-0.0115835865574342	2.33814296523271	1	5	3	18
"842"	"LC"	-0.00618675823875713	0.281552284412849	3	1	3	5
"843"	"LCASH"	0.0132467110297531	0.328248050754365	2	1	2	7
"844"	"LCP"	-0.00806839709459659	0.106282430540149	3	3	3	3
"845"	"LDC"	-0.00734604656070895	0.187209573826305	3	3	3	3
"846"	"LDM"	-0.00565752195531901	0.130707174088568	2	3	2	2
"847"	"LDOGE"	-0.00473843655081417	0.147958917689158	2	3	3	1
"848"	"LEA"	-0.008035626663999	0.335919765072644	3	1	3	5
"849"	"LEAF"	-0.00507578026084877	0.361438212469698	3	1	3	5
"850"	"LEMON"	0	0	2	2	2	10
"851"	"LEND"	-0.00841111140134765	0.0893043065222499	3	3	2	4
"852"	"LENIN"	-0.00393231263512748	0.265438447090089	2	1	2	7
"853"	"LEO"	-0.00304502098356821	0.116562431855731	2	3	2	2
"854"	"LEPEN"	-0.0102896934528992	0.297994872833622	3	1	2	6
"855"	"LFC"	0	0	2	2	2	10
"856"	"LGBTQ"	-0.00397619462460886	0.238782738503778	2	1	2	7
"857"	"LGD"	-0.00524398805627556	0.0688791652145234	2	3	2	2
"858"	"LIFE"	-0.00958949547019255	0.348243292145106	3	1	3	5
"859"	"LIMX"	-0.00353837620124247	0.175127567219286	2	1	2	7
"860"	"LINDA"	-0.000296786968559553	0.127068397652494	2	3	2	2
"861"	"LINK"	-0.00177958133988752	0.0836692640443934	2	3	1	19
"862"	"LINX"	-0.011507367418052	0.106881751371463	3	3	2	4
"863"	"LIR"	-0.000919323050877631	0.202584348518895	2	1	2	7
"864"	"LIT"	-0.00486250832856243	0.152481387444595	2	3	3	1
"865"	"LIV"	-0.00832328978051927	0.341735605249488	3	1	3	5
"866"	"LK7"	-0.00329888584252581	0.0441301074342388	2	3	2	2
"867"	"LKK"	-0.00583580363044034	0.0954402817226396	2	3	3	1
"868"	"LKY"	-0.00329798636260593	0.0441347384057458	2	3	2	2
"869"	"LMC"	-0.0221675630700803	0.269112527953808	3	1	3	5
"870"	"LNK"	-0.0147078433826833	0.363985142984239	3	1	3	5
"871"	"LOC"	-0.0155252645829873	0.581253856338939	3	2	3	11
"872"	"LOCI"	-0.0092109958761026	0.208721274308933	3	1	2	6
"873"	"LOG"	-0.00321568260558766	0.185362958672469	2	1	2	7
"874"	"LOOK"	-0.0111460091347275	0.297689057401383	3	1	2	6
"875"	"LQD"	-0.00330232063445311	0.0440807806156109	2	3	2	2
"876"	"LRC"	-0.00602086099054147	0.0909076751063207	2	3	2	2
"877"	"LSD"	0.00110658989525922	0.0875825401433919	2	3	2	2
"878"	"LSK"	-0.00729127197896273	0.0730352110418077	3	3	3	3
"879"	"LTB"	-0.00507109358240697	0.126722655336781	2	3	3	1
"880"	"LTBC"	-0.00329864155938012	0.0441038461375565	2	3	2	2
"881"	"LTC"	-0.00533168048007859	0.0566652885709002	2	3	2	2
"882"	"LTCD"	-0.00329798636260593	0.0441321094199869	2	3	3	1
"883"	"LTCR"	-0.00481815771834275	0.315089072072614	3	1	3	5
"884"	"LTCU"	-0.00497055739413048	0.24788511169081	3	1	1	21
"885"	"LTCX"	-0.00329852244019274	0.0441416424155867	2	3	3	1
"886"	"LTD"	-0.000540121266878962	0.131288435202719	2	3	2	2
"887"	"LTE"	-0.00449884551744141	0.0579650020582651	2	3	2	2
"888"	"LTG"	-0.0119856116898744	0.716424164147879	3	4	3	13
"889"	"LTH"	0.00467431263048792	0.20943964850037	2	1	3	8
"890"	"LTS"	-0.00260477105000271	0.154078283424717	2	3	3	1
"891"	"LUCKY"	-0.00757537902251306	0.320579634237471	3	1	2	6
"892"	"LUN"	-0.0065745590367329	0.0987991335194738	3	3	2	4
"893"	"LUX"	-0.00819077521277755	0.0934500462333492	3	3	2	4
"894"	"LUX*"	-0.00606805208191196	0.221896067159555	3	1	2	6
"895"	"LVG"	-0.00295084935168733	0.196520552839155	2	3	3	1
"896"	"LXC"	-0.00329889484044655	0.0441335304958139	2	3	3	1
"897"	"LYB"	0	0	2	2	2	10
"898"	"LYC"	-0.0014040700474137	0.0776992470453922	2	3	3	1
"899"	"M1"	-0.0026572993654993	0.309963595637853	2	2	2	10
"900"	"MAC"	-0.0149507975711892	0.168952845709505	3	1	3	5
"901"	"MAD*"	-0.00529086705559873	0.288817991434637	3	1	3	5
"902"	"MAID"	-0.0048368169626701	0.0696123739340943	2	3	3	1
"903"	"MAN"	-0.00097984801656089	0.291982490174431	2	1	3	8
"904"	"MANA"	-0.00215011591717916	0.10052257996211	2	3	3	1
"905"	"MAPC"	0	0	2	2	2	10
"906"	"MAR"	-0.00797026782563452	0.105802680776712	3	3	2	4
"907"	"MARS"	-0.00478566406762299	0.0926279988594369	2	3	3	1
"908"	"MARV"	-0.00574614292732216	0.2988969119204	3	1	3	5
"909"	"MARX"	-0.0031526906596746	0.231458138664796	2	1	2	7
"910"	"MARYJ"	0	0	2	2	2	10
"911"	"MAT"	-0.0133015642017877	0.334555630034599	3	1	2	6
"912"	"MAT*"	-0.00571552525590674	0.279490877415268	3	1	3	5
"913"	"MAX"	-0.000752345144161064	0.28241207126149	2	1	2	7
"914"	"MAY"	-0.0133547533240883	0.29909414260899	3	1	2	6
"915"	"MBC"	-0.00329856961384886	0.044158539571569	2	3	3	1
"916"	"MBI"	-0.00335513678389111	0.222382194415779	2	3	2	2
"917"	"MBIT"	-0.010688587446525	0.302365706684741	3	1	2	6
"918"	"MBRS"	-0.0132867673274452	0.132674622592212	3	3	2	4
"919"	"MCAP"	-0.0192791674428973	0.159901997918271	3	3	2	4
"920"	"MCAR"	-0.00364855020192536	0.199848247825822	2	3	2	2
"921"	"MCI"	-0.011478765867269	0.145339606723087	3	3	3	3
"922"	"MCO"	-0.00504388422214482	0.0795078364335525	2	3	3	1
"923"	"MCRN"	-0.00546852459073804	0.228688805441518	3	1	3	5
"924"	"MDA"	-0.00214565977011775	0.0992497980730067	2	3	3	1
"925"	"MDC"	-0.00329744524446393	0.044121059308729	2	3	2	2
"926"	"MDT"	-0.00459046966286067	0.336547473553139	3	1	3	5
"927"	"MEC"	-0.00874190698804454	0.101608319518255	3	3	3	3
"928"	"MED"	-0.0130621332208996	0.165747401223553	3	1	2	6
"929"	"MEDI"	-0.00528655975342834	0.457748610318967	3	4	2	12
"930"	"MEGA"	-0.00329871544611583	0.0441303735731747	2	3	3	1
"931"	"MEME"	-0.00931873238566971	0.0806671643791203	3	3	2	4
"932"	"MEOW"	-0.00449980470314098	0.0580013249863402	2	3	2	2
"933"	"MER"	-0.00699853736685251	0.0838383368414117	3	3	2	4
"934"	"MET"	-0.00329827936911592	0.0441316405612435	2	3	2	2
"935"	"METAL"	0.000853482746016811	0.392323595994265	2	1	3	8
"936"	"MG"	-0.00329864155938012	0.0441248647929339	2	3	2	2
"937"	"MGO"	-0.00373646015264324	0.18747492175558	2	1	2	7
"938"	"MHC"	-0.0148234711724358	0.331413044547811	3	2	2	14
"939"	"MI"	0	0	2	2	2	10
"940"	"MIC"	0	0	2	2	3	9
"941"	"MIL"	-0.00329776045188495	0.0441440998396805	2	3	2	2
"942"	"MILO"	-0.00576560983701254	0.379023433817221	3	1	2	6
"943"	"MIN"	-0.00329815004841165	0.0441303889214468	2	3	3	1
"944"	"MINE"	-0.00329864368890498	0.0441385355755914	2	3	3	1
"945"	"MINEX"	-0.00557042979803754	0.125590396611211	2	3	2	2
"946"	"MINT"	-0.00440574296727193	0.258463893688381	2	1	1	23
"947"	"MKR"	-0.00208029219050579	0.12939190380346	2	1	2	7
"948"	"MLITE"	-0.00527106092742454	0.372617508177884	3	1	3	5
"949"	"MLN"	-0.00745885927319318	0.0866998916449275	3	3	3	3
"950"	"MLS"	0	0	2	2	2	10
"951"	"MM"	-0.00519230464404604	0.140329120977409	2	3	3	1
"952"	"MMC"	-0.00329886655038047	0.0441326669462617	2	3	3	1
"953"	"MMNXT"	-0.00329817265191849	0.0441394718975932	2	3	3	1
"954"	"MMXIV"	0	0	2	2	3	9
"955"	"MMXVI"	0.00328808753896918	0.0860923932572457	2	3	2	2
"956"	"MN"	-0.00329500220488691	0.0443077798018413	2	3	2	2
"957"	"MNC"	0.00630968581980195	0.320634058882063	2	1	3	8
"958"	"MND"	0.00389668221351692	0.115300573969748	2	1	3	8
"959"	"MNE"	-0.012108979010005	0.246322516018716	3	3	3	3
"960"	"MNM"	-0.0167094758212221	0.338828532868166	3	1	3	5
"961"	"MNTP"	-0.00559592786027759	0.621465980853018	3	4	2	12
"962"	"MNX"	-0.00811923446703325	0.0939581846129525	3	3	3	3
"963"	"MNY"	0	0	2	2	3	9
"964"	"MOAC"	-0.00358179554526158	0.0844120001286934	2	3	3	1
"965"	"MOD"	-0.0077504578659134	0.0863241558256645	3	3	3	3
"966"	"MOIN"	-0.00902861367120499	0.115985205894918	3	3	2	4
"967"	"MOJO"	-0.00683421462276467	0.231691897496464	3	3	3	3
"968"	"MOL"	-0.00449980470314098	0.0579886880128336	2	3	2	2
"969"	"MONA"	-0.00718712255557444	0.0788069105369559	3	3	2	4
"970"	"MONETA"	-0.00440574296727193	0.150270938429678	2	3	3	1
"971"	"MONEY"	-0.00749347521242686	0.32403887017097	3	1	2	6
"972"	"MONK"	-0.0107292176665447	0.116523020450338	3	3	3	3
"973"	"MOON"	0	0	2	2	2	10
"974"	"MOOND"	-0.00499836135151398	0.355075979626349	3	1	3	5
"975"	"MOTO"	0.00264359023445819	0.286912360056817	2	1	3	8
"976"	"MPRO"	-0.00141040167353321	0.183405916881166	2	3	2	2
"977"	"MRP"	-0.00674927300587773	0.217781609603657	3	3	2	4
"978"	"MRS"	-0.00329796674352155	0.044119091848466	2	3	3	1
"979"	"MRSA"	-0.00329827936911592	0.0441316405612435	2	3	2	2
"980"	"MRT"	-0.0025035265898201	0.589444817388626	3	2	2	14
"981"	"MRV"	-0.00129978761027044	0.117123912518333	2	3	3	1
"982"	"MRY"	-0.00329818735932302	0.0441199734193612	2	3	2	2
"983"	"MSC"	-0.00329806811929557	0.0441666573936817	2	3	2	2
"984"	"MSD"	-7.69696091986228e-05	0.153559105603969	2	3	3	1
"985"	"MSP"	-0.00595776100534047	0.0899909598162938	2	3	3	1
"986"	"MST"	-0.00632106022276853	0.315105641602935	3	1	2	6
"987"	"MTC"	0.011980133697461	0.422788009889522	2	4	2	15
"988"	"MTH"	-0.00727944090723637	0.0998294010459627	3	3	3	3
"989"	"MTL"	-0.00898848031227118	0.0826548904285792	3	3	3	3
"990"	"MTR"	-0.00329767931579516	0.0441329795746804	2	3	2	2
"991"	"MUDRA"	0	0	2	2	3	9
"992"	"MUE"	-0.00794799717380486	0.0772713194841053	3	3	3	3
"993"	"MUSIC"	-0.0103559461283262	0.0794913945210409	3	3	2	4
"994"	"MUU"	-0.00547860434553999	0.355113116634619	3	1	2	6
"995"	"MWC"	-0.00329767931579516	0.0441329795746804	2	3	2	2
"996"	"MXT"	-0.00548570163603327	0.277134075135756	3	1	2	6
"997"	"MYB"	-0.0168386136489951	0.550475995450711	3	4	2	12
"998"	"MYC"	0	0	2	2	3	9
"999"	"MYST"	-0.00947090567443153	0.14108584717141	3	3	3	3
"1000"	"MZC"	-0.00490425153621225	0.0956605487611259	2	3	3	1
"1001"	"N7"	-0.000324918156949341	0.00634953718653259	2	3	3	1
"1002"	"NAMO"	-0.00218171501698845	0.164043050185554	2	1	3	8
"1003"	"NAN"	-0.00329888584252581	0.0441304476488494	2	3	3	1
"1004"	"NANAS"	-0.00802413833963526	0.21308558052625	3	1	2	6
"1005"	"NAS"	0.0167869338319838	0.479399852632206	2	4	2	15
"1006"	"NAS2"	-0.00329800790215071	0.0441436284921334	2	3	3	1
"1007"	"NAUT"	-0.00329746559470584	0.0441247241952225	2	3	2	2
"1008"	"NAV"	-0.00793245074527422	0.0786019179315303	3	3	3	3
"1009"	"NBIT"	-0.00695116396024036	0.305716793127641	3	1	3	5
"1010"	"NBL"	-0.00329766194047643	0.0441369650808356	2	3	3	1
"1011"	"NBT"	-0.0377418266538077	0.7170653734059	3	2	3	11
"1012"	"NDC"	-0.00991233170452226	0.19669871875893	3	1	3	5
"1013"	"NDOGE"	-0.00527590120554467	0.218350058482523	3	1	3	5
"1014"	"NEBL"	-0.00508500986993234	0.107975753149977	2	3	3	1
"1015"	"NEBU"	-0.00303767018152926	0.155698081377128	2	3	2	2
"1016"	"NEC"	-0.00329826330657705	0.044129607591191	2	3	2	2
"1017"	"NEF"	-0.00141837275022045	0.35478436088885	2	1	3	8
"1018"	"NEO"	-0.00605975538786821	0.0722285634246216	2	3	3	1
"1019"	"NEOG"	-0.00757409958421427	0.646527559409767	3	4	3	13
"1020"	"NEOS"	-0.0120532006933728	0.0955475461470576	3	3	3	3
"1021"	"NET"	-0.00755548481250905	0.592127644789163	3	4	2	12
"1022"	"NETC"	-0.00404881546352785	0.0932467603851076	2	3	2	2
"1023"	"NETKO"	-0.0115691546640913	0.302070323974603	3	1	3	5
"1024"	"NEU"	-0.00223330815087233	0.107716464897111	2	3	2	2
"1025"	"NEVA"	0.0055049025431613	0.176354001549804	2	1	3	8
"1026"	"NEWB"	-0.0108805797849036	0.352027605464541	3	2	2	14
"1027"	"NGC"	-0.00928356395919649	0.0827902055125026	3	3	1	20
"1028"	"NIC"	-0.0066489094582735	0.307018974419603	3	1	2	6
"1029"	"NICE"	-0.00438180298174716	0.274380641246064	2	1	3	8
"1030"	"NIMFA"	-0.0170822369052942	0.676499098505655	3	4	3	13
"1031"	"NKA"	-0.00513822590965757	0.29038348600497	3	1	2	6
"1032"	"NKC"	-0.00448723730219633	0.546667363580735	3	4	3	13
"1033"	"NKT"	-0.0129140192431485	0.354422749860701	3	1	2	6
"1034"	"NLC"	0	0	2	2	3	9
"1035"	"NLC2"	-0.00718766231913847	0.0933911532726734	3	3	3	3
"1036"	"NLG"	-0.00618282126760771	0.0618121682680689	2	3	2	2
"1037"	"NMB"	-0.00329827936911592	0.0441321913120296	2	3	2	2
"1038"	"NMC"	-0.00501312257962695	0.067776892722431	2	3	3	1
"1039"	"NMR"	-0.00682379255919673	0.0935094897090154	3	3	3	3
"1040"	"NMS"	-0.0159832836647353	0.131867579662772	3	3	3	3
"1041"	"NOBL"	0	0	2	2	3	9
"1042"	"NODE"	-0.00329791480304197	0.0441268556280898	2	3	2	2
"1043"	"NOO"	0	0	2	2	2	10
"1044"	"NPC"	-0.00267986134702657	0.0512687663512501	2	3	2	2
"1045"	"NRB"	-0.00329827936911592	0.0441321913120296	2	3	2	2
"1046"	"NRC"	-0.00427269690716732	0.125117378311895	2	3	2	2
"1047"	"NRS"	-0.00329860808014091	0.0441351196921558	2	3	3	1
"1048"	"NSR"	0	0	2	2	3	9
"1049"	"NTC"	0	0	2	2	3	9
"1050"	"NTCC"	0	0	2	2	3	9
"1051"	"NTM"	-0.00794435744622936	0.271760832619474	3	1	3	5
"1052"	"NTO"	-0.00898144856600093	0.243539768045368	3	3	3	3
"1053"	"NTRN"	-0.00998655777072809	0.267440055658916	3	1	2	6
"1054"	"NTWK"	-0.00699758601457285	0.439757900571649	3	1	3	5
"1055"	"NUBIS"	-0.00801277086772365	0.153293332843221	3	1	2	6
"1056"	"NUKE"	-0.016367936794911	0.44088234586489	3	2	2	14
"1057"	"NULS"	-0.00471673357662144	0.0894638438769764	2	3	2	2
"1058"	"NUM"	-0.00631027515500129	0.371024004263544	3	1	3	5
"1059"	"NVC"	-0.00587086123027706	0.0606751994323329	2	3	3	1
"1060"	"NXC"	-0.0119810336028562	0.0890325629986129	3	3	2	4
"1061"	"NXE"	-0.00222327339622339	0.0812636108630311	2	3	3	1
"1062"	"NXS"	-0.00579226249065527	0.0964259591617779	2	3	3	1
"1063"	"NXT"	-0.0081208055973697	0.0693000887846473	3	3	3	3
"1064"	"NXTI"	-0.00329747421853524	0.0441236114865184	2	3	3	1
"1065"	"NXTTY"	-0.00329791480304197	0.0441268556280898	2	3	3	1
"1066"	"NYAN"	-0.00639921757791151	0.145631250142224	3	3	3	3
"1067"	"NZC"	0.00451157635683656	0.0579875734727065	2	3	3	1
"1068"	"OAX"	-0.00618085028869617	0.0937775395213623	3	3	3	3
"1069"	"OBITS"	-0.0101896222222991	0.133114221525196	3	3	3	3
"1070"	"OBS"	-0.00378768951125653	0.0419376644594173	2	3	2	2
"1071"	"OCEAN"	-0.0024360604352016	0.213449636887526	2	1	2	7
"1072"	"OCL"	-0.00809113511703044	0.261428877953693	3	1	2	6
"1073"	"OCN"	0.00925703905382366	0.333962267151265	2	1	2	7
"1074"	"OCTO"	-0.00329864155938012	0.0441038461375565	2	3	2	2
"1075"	"ODN"	-0.0134860393652492	0.154604678257179	3	3	2	4
"1076"	"ODNT"	-0.013176456455173	0.334069119327557	3	1	3	5
"1077"	"OK"	-0.00927758537375571	0.0755075078399343	3	3	2	4
"1078"	"OLDSF"	-0.00329888584252581	0.0441301074342388	2	3	2	2
"1079"	"OLYMP"	-0.00117836828178717	0.337054407326825	2	1	2	7
"1080"	"OMA"	-0.00396935547100744	0.206139568745616	2	1	2	7
"1081"	"OMC"	-0.00357336867435336	0.286791852218361	2	1	3	8
"1082"	"OMG"	-0.00677613121670003	0.0707152682634592	3	3	2	4
"1083"	"OMNI"	-0.0104642099521842	0.0777798675870518	3	3	3	3
"1084"	"ONION"	-0.00981849528499894	0.0846612392562452	3	3	2	4
"1085"	"ONX"	-0.0109713982484884	0.256410060538454	3	1	3	5
"1086"	"OPAL"	-0.00127382873641868	0.265469678160232	2	1	3	8
"1087"	"OPC"	-0.0120375923404169	0.229109427723912	3	3	3	3
"1088"	"OPES"	0.00218171501698845	0.0414629915173902	2	3	2	2
"1089"	"OPT"	-0.00440574296727193	0.319111923035243	3	1	2	6
"1090"	"OPTION"	-0.00408445563508792	0.0740127386642692	2	3	2	2
"1091"	"ORB"	-0.00330031353912091	0.080175251951627	2	3	2	2
"1092"	"ORLY"	0.000910176093791846	0.322703320990791	2	1	2	7
"1093"	"ORME"	-0.00980662658422706	0.12768613768405	3	3	2	4
"1094"	"ORO"	0	0	2	2	3	9
"1095"	"OS76"	-0.0073833788777444	0.319860241318894	3	1	2	6
"1096"	"OSC"	-0.00495482941856334	0.165941609185693	2	3	3	1
"1097"	"OTN"	-0.0137381187061764	0.151445183665621	3	3	3	3
"1098"	"OTX"	-0.017138325239866	0.570991092654463	3	2	3	11
"1099"	"OX"	0.0117882311599905	0.296120586650219	2	1	2	7
"1100"	"OXY"	-0.0143491730899266	0.245470418500242	3	1	3	5
"1101"	"PAC"	0.011540050051646	0.350846482449036	2	1	2	7
"1102"	"PAK"	-0.00863623341477479	0.149363848528837	3	3	2	4
"1103"	"PAL"	-0.00679373751681687	0.19226707329424	3	3	3	3
"1104"	"PARA"	-0.00329791480304197	0.17862101791703	2	3	3	1
"1105"	"PART"	-0.00640300874517096	0.0902888288260063	3	3	2	4
"1106"	"PASC"	-0.00648697309663637	0.0867403053238737	3	3	3	3
"1107"	"PASL"	-0.00918067837749889	0.153520175464551	3	3	3	3
"1108"	"PAY"	-0.00728885986571451	0.0811830689411339	3	3	2	4
"1109"	"PAYP"	-0.0110561581923108	0.287233289061366	3	1	2	6
"1110"	"PBC"	0	0	2	2	2	10
"1111"	"PBL"	-0.00999865470518385	0.124008835768033	3	3	3	3
"1112"	"PCM"	-0.00660756865023977	0.254800860898182	3	1	2	6
"1113"	"PCOIN"	-0.0153295903465531	0.132876801664454	3	3	2	4
"1114"	"PCS"	-0.0047065246184884	0.170272965724088	2	1	2	7
"1115"	"PDC"	-0.00827731818634927	0.0707664811956551	3	3	2	4
"1116"	"PEC"	0	0	2	2	3	9
"1117"	"PEN*"	-0.00338407437197081	0.538560061247551	3	2	2	14
"1118"	"PEPECASH"	-0.00775725644270078	0.125455094849988	3	3	2	4
"1119"	"PEX"	-0.00294001001980897	0.125717423044051	2	3	2	2
"1120"	"PFR"	-0.00477756369126193	1.42125736049299	1	5	2	17
"1121"	"PGL"	-0.00828356350271603	0.553535226727674	3	1	3	5
"1122"	"PHO"	-0.00329827936911592	0.173687443911815	2	1	2	7
"1123"	"PHR"	-0.0236642141453314	0.319770476311212	3	1	2	6
"1124"	"PHS"	-0.00351880801952932	0.115524475509744	2	3	3	1
"1125"	"PHX"	0.00748400605524977	0.291950624459982	2	1	3	8
"1126"	"PIE"	-0.00543135067801734	0.358971048348298	3	1	2	6
"1127"	"PIGGY"	-0.00580277578635098	0.121820482704572	2	3	2	2
"1128"	"PING"	0.00248871766230824	0.105552707275511	2	3	2	2
"1129"	"PINK"	-0.00878647569385701	0.081090498893118	3	3	3	3
"1130"	"PINKX"	-0.0106812041170254	0.2907690636656	3	1	2	6
"1131"	"PIO"	-0.00166086954900336	0.0307335474269651	2	3	2	2
"1132"	"PIVX"	-0.00656468337474962	0.0763697868232924	3	3	2	4
"1133"	"PIX"	-0.00787235293994372	0.213037106200109	3	1	2	6
"1134"	"PIZZA"	-0.0110675248437208	0.174869730244527	3	1	3	5
"1135"	"PKB"	-0.0115856768034126	0.307188359143625	3	1	3	5
"1136"	"PLANET"	-0.00694288557770322	0.283613236124643	3	1	2	6
"1137"	"PLAY"	0.0142833327850658	0.441213623218315	2	4	3	16
"1138"	"PLBT"	-0.00407491530028511	0.210749799909955	2	3	3	1
"1139"	"PLC"	-0.00690999631343017	0.229924083442748	3	3	2	4
"1140"	"PLNC"	-0.00773706756677035	0.277744091206343	3	1	2	6
"1141"	"PLR"	-0.00466041760430403	0.130463026161638	2	3	1	19
"1142"	"PLU"	-0.00959058656564032	0.125582469912791	3	3	3	3
"1143"	"PLX"	-0.00466998222093176	0.0895122413482744	2	3	2	2
"1144"	"PNC"	0.0037739940417933	0.1605592588547	2	1	3	8
"1145"	"PND"	-0.00177416545874741	0.197666247136378	2	3	2	2
"1146"	"PNK"	-0.00368904092659258	0.105308180094612	2	3	2	2
"1147"	"POE"	-0.00815757925980793	0.0919654690237799	3	3	2	4
"1148"	"POINTS"	-0.00329897346422488	0.0441458557529348	2	3	2	2
"1149"	"POLL"	-0.00919871358003255	0.11468712904612	3	3	2	4
"1150"	"POLY"	0.0191413834109664	0.458690425885479	2	4	2	15
"1151"	"POP"	0	0	2	2	3	9
"1152"	"POS"	-0.0032987141614158	0.0441349399090031	2	3	2	2
"1153"	"POST"	-0.00939581516254749	0.113489434060301	3	3	2	4
"1154"	"POT"	-0.00911475295394469	0.0731725069259304	3	3	2	4
"1155"	"POWR"	-0.0063228646706983	0.0786971345536618	3	3	2	4
"1156"	"PPC"	-0.00527325900011364	0.0715385878446711	2	3	1	19
"1157"	"PPP"	-0.00919843565232738	0.259097160860564	3	1	3	5
"1158"	"PPT"	-0.00876258511732909	0.0852474348727057	3	3	3	3
"1159"	"PPY"	-0.00747520184940441	0.147231958054958	3	3	2	4
"1160"	"PRC"	-0.00887977358259689	0.288459247779931	3	1	3	5
"1161"	"PRE"	-0.00645243790594011	0.295057643020863	3	1	3	5
"1162"	"PRES"	-0.00309242115171792	0.292418619781853	2	1	3	8
"1163"	"PRFT"	-0.00804902386314481	0.588739502311806	3	4	3	13
"1164"	"PRG"	-0.00444548631635395	0.299970235742761	2	1	3	8
"1165"	"PRIME"	0	0	2	2	3	9
"1166"	"PRIX"	-0.00818451446325499	0.204695356124918	3	3	3	3
"1167"	"PRL"	-0.0075864197178523	0.131423381084771	3	3	2	4
"1168"	"PRM"	-0.00725111708632491	0.124008266315608	3	3	3	3
"1169"	"PRO"	-0.00681494130452448	0.100387917032447	3	3	2	4
"1170"	"PROC"	-0.00903247869360063	0.300101630951513	3	2	3	11
"1171"	"PRT"	-0.00329845988841778	0.0441255513261404	2	3	3	1
"1172"	"PRX"	-0.00564849589047762	0.380079119882566	3	1	3	5
"1173"	"PSB"	-0.00801632621688059	0.242680703197431	3	1	3	5
"1174"	"PSEUD"	-0.00329827936911592	0.0441321913120296	2	3	3	1
"1175"	"PSI"	-0.00374061365697386	0.188804538426099	2	3	2	2
"1176"	"PST"	-0.00519264683525383	0.133977708479278	2	3	3	1
"1177"	"PSY"	0.000946509747197762	0.186181390718366	2	1	3	8
"1178"	"PTA"	-0.00746234010692363	0.306749728069633	3	1	3	5
"1179"	"PTC"	-0.00947072130650831	0.0980769169978396	3	3	2	4
"1180"	"PTOY"	-0.0105675570106082	0.111971063685221	3	3	3	3
"1181"	"PULSE"	-0.0117350143652575	0.36117169746521	3	1	2	6
"1182"	"PUPA"	-0.00860842950741499	0.19015761963471	3	3	3	3
"1183"	"PURA"	-0.0101084216276985	0.0962194340869743	3	3	3	3
"1184"	"PUT"	-0.0117611198223292	0.431463604270441	3	1	3	5
"1185"	"PX"	-0.00382937989639489	0.316933375142099	2	1	2	7
"1186"	"PXC"	-0.00559025666430994	0.256470179345335	3	1	3	5
"1187"	"PXI"	-0.0137770054437455	0.321853117849042	3	1	3	5
"1188"	"PXL"	-0.00389460584197333	0.112012758346067	2	3	3	1
"1189"	"PYC"	-0.0032981082052768	0.0441393409277769	2	3	2	2
"1190"	"PYN"	-0.0104050922708669	0.217506117571582	3	3	1	20
"1191"	"Q2C"	-0.00542993382347671	0.140821187972531	2	3	3	1
"1192"	"QASH"	-0.00539776339179575	0.0872506131943541	2	3	3	1
"1193"	"QAU"	-0.00237442034705904	0.076380099642447	2	3	3	1
"1194"	"QBC"	-0.000856350519285112	0.215946318172248	2	1	2	7
"1195"	"QBK"	-0.00329796303514575	0.0441212751849143	2	3	2	2
"1196"	"QBT"	-0.00502628385567807	0.16079142521423	2	3	2	2
"1197"	"QCN"	-0.00440574296727193	0.212276217638683	2	3	2	2
"1198"	"QORA"	0	0	2	2	3	9
"1199"	"QRK"	-0.00464632432880841	0.107736105062772	2	3	2	2
"1200"	"QRL"	-0.00696354621892111	0.0827078955209992	3	3	2	4
"1201"	"QSLV"	-0.00329879561280725	0.0441524411413827	2	3	2	2
"1202"	"QSP"	-0.00790264375224557	0.0854763754508023	3	3	2	4
"1203"	"QTL"	-0.00468933945600138	0.0935890008718436	2	3	3	1
"1204"	"QTUM"	-0.00845575351435745	0.0785907342572409	3	3	3	3
"1205"	"QTZ"	-0.00702670104592804	0.411954359923716	3	1	2	6
"1206"	"QWARK"	-0.00822701546895406	0.0815394415596389	3	3	2	4
"1207"	"R"	-0.0035231061550606	0.088781960567514	2	3	3	1
"1208"	"RAC"	-0.00449585922889991	0.0582989032201698	2	3	2	2
"1209"	"RADI"	-0.00181528339547454	0.285910386542301	2	1	2	7
"1210"	"RADS"	-0.00805581349467325	0.0801011593105639	3	3	3	3
"1211"	"RAIN"	0	0	2	2	2	10
"1212"	"RATIO"	-0.0101552426852546	0.333620105668067	3	1	3	5
"1213"	"RBIES"	-0.00231241593049641	0.290158352482246	2	1	3	8
"1214"	"RBIT"	-0.0069564810284395	0.282665946716369	3	1	2	6
"1215"	"RBR"	-0.00329929074930659	0.0441221713996602	2	3	2	2
"1216"	"RBT"	-0.00203698949303523	0.311123490216276	2	1	2	7
"1217"	"RBX"	-0.0076960867915642	0.220004611366899	3	3	3	3
"1218"	"RBY"	-0.00739904426530658	0.203087249679487	3	3	2	4
"1219"	"RC"	-0.00575036464637227	0.200140151893491	3	1	2	6
"1220"	"RCN"	-0.00940674884716591	0.0866605500467468	3	3	2	4
"1221"	"RCN*"	-0.00946922377814133	0.24315847052889	3	1	3	5
"1222"	"RCX"	-0.00139991580395795	0.3168954830699	2	1	2	7
"1223"	"RDD"	-0.00527159364318489	0.0882158521631323	2	3	3	1
"1224"	"RDN*"	-0.00781284651355274	0.0835632201205205	3	3	2	4
"1225"	"REBL"	-0.00432204469507084	0.177159534734386	2	3	2	2
"1226"	"REC"	-0.0176076948674375	0.259310940651895	3	1	3	5
"1227"	"REE"	0.0126215728309638	0.993895215151388	2	4	3	16
"1228"	"REP"	-0.00581259360475686	0.0726904917751903	2	3	3	1
"1229"	"REQ"	-0.00797285182690129	0.0869243136089908	3	3	3	3
"1230"	"REV"	0.001632937702461	0.376636924539107	2	2	2	10
"1231"	"REX"	-0.00802682479799935	1.8266398792254	1	5	2	17
"1232"	"RGC"	-0.0143956740495938	0.258395301363738	3	1	3	5
"1233"	"RHOC"	-0.00814317817430294	0.114220789169968	3	3	3	3
"1234"	"RIC"	-0.0109321971321155	0.121587617926847	3	3	2	4
"1235"	"RICE"	-0.00368761360790753	0.182519413661784	2	3	2	2
"1236"	"RIDE"	-0.00440574296727193	0.187060468479024	2	3	3	1
"1237"	"RING"	-0.0102492351859767	0.232986633137706	3	1	3	5
"1238"	"RIPO"	-0.00329827936911592	0.0441321913120296	2	3	2	2
"1239"	"RIPT"	-0.0787205609106971	1.47282078660962	1	5	2	17
"1240"	"RISE"	-0.0122248212206558	0.301559613536017	3	1	2	6
"1241"	"RIYA"	-0.0108643151066426	0.139611192726761	3	3	2	4
"1242"	"RKC"	0.00145709967108757	0.423131576213565	2	2	2	10
"1243"	"RLC"	-0.00489154639508216	0.0913622286621086	2	3	2	2
"1244"	"RNC"	-0.0114746040379233	0.417302067855027	3	4	3	13
"1245"	"RNS"	-0.0130741915922116	0.133518380086255	3	3	2	4
"1246"	"ROC"	-0.00279191231961632	0.167772047461838	2	3	2	2
"1247"	"ROOT"	-0.00329845751355397	0.0441294456186492	2	3	2	2
"1248"	"ROOTS"	-0.00450114831491725	0.057966220527314	2	3	2	2
"1249"	"ROS"	-0.00845238786010325	0.301908562974232	3	1	2	6
"1250"	"ROUND"	-0.00329827837160475	0.0441295336198533	2	3	3	1
"1251"	"ROYAL"	-0.00435794662341869	0.135043091907656	2	3	2	2
"1252"	"RPC"	-0.00353258321943837	0.521736983672123	3	2	2	14
"1253"	"RRT"	-0.00443735790566441	0.0789215570805603	2	3	3	1
"1254"	"RSC"	-0.0211493562893914	0.365585308342225	3	2	2	14
"1255"	"RT2"	-0.00329777187403217	0.0441324761714805	2	3	3	1
"1256"	"RUBIT"	-0.0118950920899723	0.27572559452218	3	1	3	5
"1257"	"RUP"	-0.00847593336522259	0.207043718334184	3	1	3	5
"1258"	"RUPX"	0.00201868190931217	0.639026501157473	2	4	3	16
"1259"	"RUST"	-0.003852531483712	0.126059352270689	2	3	3	1
"1260"	"RVT"	-0.00878439443581018	0.106240006416024	3	3	3	3
"1261"	"RYC"	-0.00329818735932302	0.0441199734193612	2	3	3	1
"1262"	"RYCN"	0	0	2	2	2	10
"1263"	"RYZ"	-0.0108582026583486	0.13783519140406	3	3	3	3
"1264"	"RZR"	-0.00329793858482146	0.0441387936331404	2	3	3	1
"1265"	"S8C"	0	0	2	2	2	10
"1266"	"SAFEX"	-0.0045515273198134	0.0713717166766589	2	3	2	2
"1267"	"SAGA"	-0.0180281927793575	0.11159167313097	3	3	3	3
"1268"	"SALT"	-0.0106874520879227	0.084042464308835	3	3	3	3
"1269"	"SAN"	-0.00728446254230423	0.0903191589697739	3	3	3	3
"1270"	"SAND"	-0.00736445184680033	0.148160789973109	3	3	2	4
"1271"	"SANDG"	-0.00142145303127469	0.367775425156209	2	1	3	8
"1272"	"SAR*"	-0.00329896757677171	0.0441354366796415	2	3	3	1
"1273"	"SAT2"	0.00529284979693707	0.20267463635868	2	1	2	7
"1274"	"SBTC"	-0.0124917877698065	0.347512828545192	3	1	2	6
"1275"	"SC"	-0.00647645543576244	0.0848147051564534	3	3	2	4
"1276"	"SCASH"	-0.00621959110251338	0.290904044567986	3	1	3	5
"1277"	"SCL"	0.00634709208597087	0.0924769647503718	2	3	3	1
"1278"	"SCN"	0	0	2	2	2	10
"1279"	"SCOOBY"	-0.000618053456015395	0.252689918201003	2	1	3	8
"1280"	"SCORE"	-0.00329818735932303	0.0441199734193612	2	3	2	2
"1281"	"SCOT"	-0.00329808885766698	0.0441438482090174	2	3	2	2
"1282"	"SCRPT"	-0.00865023276953962	0.364410787724507	3	2	3	11
"1283"	"SCRT"	0.000172062292790678	0.37838545257139	2	1	3	8
"1284"	"SCT"	-0.00981849528499894	0.284092486890145	3	1	3	5
"1285"	"SCX"	-0.0056063183422375	0.417260089672878	3	4	3	13
"1286"	"SDAO"	-0.0109408347725351	0.237338211401274	3	3	3	3
"1287"	"SDC"	-0.00825252701132339	0.391847377638564	3	1	2	6
"1288"	"SDP"	-0.00362467628427815	0.122162754870115	2	3	3	1
"1289"	"SDRN"	-0.00940879594419029	0.137435587907601	3	3	2	4
"1290"	"SEC"	-0.00329862686712518	0.0441354313197956	2	3	2	2
"1291"	"SEED"	-0.00329838539099766	0.0441230958381712	2	3	2	2
"1292"	"SEEDS"	0	0.0479520011007024	2	3	3	1
"1293"	"SEL"	0.000482924895476774	0.191715267585734	2	1	2	7
"1294"	"SEN"	-0.0044993964713757	0.075662190314229	2	3	2	2
"1295"	"SEND"	-0.0067883325628639	0.120753556232326	3	3	2	4
"1296"	"SEQ"	-0.0080689585625759	0.0858037020191919	3	3	3	3
"1297"	"SFC"	-0.0036556547485361	0.135415902410643	2	3	3	1
"1298"	"SFR"	-0.00329860808014091	0.0441351196921558	2	3	3	1
"1299"	"SFT"	0	0	2	2	2	10
"1300"	"SGC"	-0.0164124828788086	0.437102887508268	3	2	3	11
"1301"	"SGR"	-0.0151913690363322	0.450163646061106	3	4	3	13
"1302"	"SH"	-0.00748060973839315	0.246370212372106	3	1	3	5
"1303"	"SHA"	-0.00664107073469713	0.178135574215402	3	3	2	4
"1304"	"SHADE"	-0.00329852382563391	0.0441308285186034	2	3	3	1
"1305"	"SHIFT"	-0.00898989594612256	0.0772278644110986	3	3	3	3
"1306"	"SHLD"	-0.0032987647137852	0.0441417216017993	2	3	2	2
"1307"	"SHND"	-0.00329827936911592	0.440711883565182	2	1	3	8
"1308"	"SHORTY"	-0.0029586028313107	0.115188805638002	2	3	2	2
"1309"	"SHREK"	-0.0074217185899369	0.424235944948586	3	1	3	5
"1310"	"SIB"	-0.0114852578668082	0.0806317442801783	3	3	2	4
"1311"	"SIC"	-0.00599178529061189	0.300661829956928	3	1	3	5
"1312"	"SIFT"	-0.00516958400277022	0.185585720541857	2	3	3	1
"1313"	"SIGT"	-0.0112883107829402	0.200660237566186	3	3	2	4
"1314"	"SILK"	-0.00329936080025153	0.0441366557255448	2	3	2	2
"1315"	"SISA"	-0.00329827936911592	0.188006629897714	2	3	3	1
"1316"	"SJCX"	-0.00697203458704671	0.194488770659174	3	1	3	5
"1317"	"SKB"	-0.0118483484859614	0.118821879850775	3	3	2	4
"1318"	"SKC"	-0.00245383284458493	0.137135847534588	2	3	3	1
"1319"	"SKIN"	-0.0022909382822252	0.0814290051438465	2	3	3	1
"1320"	"SKR"	-0.0068835516455988	0.119079085810148	3	3	1	20
"1321"	"SKULL"	-0.00434217269157536	0.225268081733723	2	1	2	7
"1322"	"SKY"	-0.0104178940134867	0.0869689803688451	3	3	2	4
"1323"	"SLG"	-0.00525005929090852	0.124262786214126	2	3	2	2
"1324"	"SLM"	0	0	2	2	2	10
"1325"	"SLR"	-0.00868468847733889	0.0918142821738924	3	3	3	3
"1326"	"SLS"	-0.00594253382010812	0.0943262913174527	2	3	2	2
"1327"	"SLT"	0.00557125734252082	0.332653013331434	2	1	3	8
"1328"	"SMAC"	-0.00329789015442254	0.0441384764651366	2	3	3	1
"1329"	"SMART"	-0.0104948846643182	0.142671715049374	3	3	3	3
"1330"	"SMART*"	0.00360276439841951	0.269465302462677	2	1	3	8
"1331"	"SMC"	-0.00794732485400099	0.292065706175883	3	1	2	6
"1332"	"SMF"	0.00620065672495775	0.166185508493626	2	1	2	7
"1333"	"SMLY"	-0.00449980470314098	0.0727438122220661	2	3	3	1
"1334"	"SMSR"	-0.0170875469061956	0.303708066797979	3	1	2	6
"1335"	"SNC"	-0.00748175749746785	0.0933928675355524	3	3	2	4
"1336"	"SND"	-0.00949124054249075	0.431050622258983	3	1	2	6
"1337"	"SNGLS"	-0.00791441274371515	0.0928144932478811	3	3	3	3
"1338"	"SNIP"	-0.00275680565196231	0.342956789361507	2	1	3	8
"1339"	"SNM"	-0.00765203002166676	0.0862145826671647	3	3	3	3
"1340"	"SNOV"	-0.00810473487377371	0.117683194111565	3	3	3	3
"1341"	"SNRG"	-0.0170374783104711	0.299822534740205	3	1	3	5
"1342"	"SNT"	-0.00603780255205299	0.0794240080103485	2	3	3	1
"1343"	"SOAR"	-0.00667695082115028	0.0981037201045255	3	3	2	4
"1344"	"SOCC"	-0.00320612081558055	0.209857709268847	2	3	2	2
"1345"	"SOIL"	-0.00832876573018664	0.153050255069998	3	3	3	3
"1346"	"SOJ"	0.00455916232536272	0.291100320464995	2	1	2	7
"1347"	"SOLE"	-0.00329763186678776	0.0441316165523603	2	3	2	2
"1348"	"SONG"	0.00705809736357511	0.0801748089873689	2	3	2	2
"1349"	"SOON"	-0.00579001528169057	0.155828990356308	3	3	3	3
"1350"	"SOUL"	-0.00446927655943026	0.283501395941824	2	1	2	7
"1351"	"SP"	-0.00656615413681964	0.228227978848095	3	1	2	6
"1352"	"SPA"	-0.00329827936911592	0.0441321913120296	2	3	3	1
"1353"	"SPACE"	-0.00406465261067809	0.247414882321801	2	1	2	7
"1354"	"SPANK"	-0.00662561811858208	0.706884656866919	3	4	3	13
"1355"	"SPC"	-0.000364839870558805	0.00697979770485275	2	3	3	1
"1356"	"SPEC"	0.0023919910856664	0.15057031108699	2	1	3	8
"1357"	"SPF"	-0.0101743466448034	0.0982767583418383	3	3	2	4
"1358"	"SPHR"	-0.0074732616333271	0.0816376692421729	3	3	3	3
"1359"	"SPKTR"	-0.00190992183494802	0.202896655385476	2	3	2	2
"1360"	"SPM"	-0.0014040700474137	0.131789475894381	2	3	2	2
"1361"	"SPORT"	-0.00237885215153906	0.0909622908423207	2	3	2	2
"1362"	"SPOTS"	0	0	2	2	2	10
"1363"	"SPR"	-0.0116079104974026	0.45003716009903	3	2	3	11
"1364"	"SPRTS"	-0.00329827936911592	0.0441316405612435	2	3	3	1
"1365"	"SPT"	-0.00721053915195426	0.3457047593237	3	1	2	6
"1366"	"SPX"	-0.00511781201599007	0.126499501656863	2	3	2	2
"1367"	"SQL"	-0.0059756071198694	0.178918620016285	3	3	3	3
"1368"	"SRC"	-0.00468919062056274	0.140138072011509	2	3	3	1
"1369"	"SRN"	-0.0084173416295124	0.0914961664828836	3	3	2	4
"1370"	"SSC"	-0.0100334933685188	0.160254927521145	3	3	2	4
"1371"	"SSD"	-0.00329776045188495	0.0441331369363019	2	3	3	1
"1372"	"SSTC"	-0.00638384329144734	0.286626653955369	3	1	3	5
"1373"	"SSV"	-0.00329767931579516	0.0441329795746804	2	3	3	1
"1374"	"STA"	-0.000723771747057546	0.28779180835212	2	1	3	8
"1375"	"STA*"	-0.00457802161634729	0.300318760529955	3	1	3	5
"1376"	"STALIN"	-0.00816960259517523	0.276156608673026	3	1	2	6
"1377"	"STAR"	-0.010310285027303	1.24446751307467	1	5	3	18
"1378"	"STAR*"	-0.0101425970846513	0.343742967558012	3	1	2	6
"1379"	"START"	-0.0125359907366654	0.288230692076075	3	1	2	6
"1380"	"STAX"	0.000489774708214561	0.124906391984568	2	3	2	2
"1381"	"STC"	-0.00786431256022079	0.152771324712052	3	3	3	3
"1382"	"STCN"	-0.00329924919653089	0.0441703374506381	2	3	3	1
"1383"	"STEEM"	-0.00633783365647751	0.0845791567180516	3	3	3	3
"1384"	"STEPS"	-0.0148567744095124	0.339534193675365	3	1	2	6
"1385"	"STHR"	-0.00400638543386182	0.0951292438625159	2	3	2	2
"1386"	"STN"	-0.0116506254990994	0.151828777918585	3	3	2	4
"1387"	"STO"	-0.00519212412474419	0.25679861571891	3	1	2	6
"1388"	"STORJ"	-0.0075296198495589	0.0748052981722515	3	3	3	3
"1389"	"STORM"	-0.00754777857341687	0.110685880597148	3	3	2	4
"1390"	"STP"	0.0056464838665257	0.610154591659605	2	4	2	15
"1391"	"STR*"	-0.00329798636260593	0.0441347384057458	2	3	3	1
"1392"	"STRAT"	-0.00675510191403078	0.0819945466696118	3	3	2	4
"1393"	"STS"	-0.00395927667311181	0.271675629443317	2	1	3	8
"1394"	"STU"	-0.0084208632545394	0.149398698450997	3	3	2	4
"1395"	"STV"	-0.00952128694700143	0.318570771346861	3	1	2	6
"1396"	"STX"	-0.0113171381164567	0.090311990178558	3	3	3	3
"1397"	"SUB"	-0.00828046469988014	0.0904131401565315	3	3	2	4
"1398"	"SUB*"	-0.00460832260107695	0.273032144080966	2	1	2	7
"1399"	"SUMO"	-0.0140570525345865	0.124408617104905	3	3	3	3
"1400"	"SUP"	-0.00329831442610979	0.0441333563772618	2	3	2	2
"1401"	"SUPER"	-0.00594539221667919	0.346342844047244	3	2	2	14
"1402"	"SUR"	-0.00498524747381775	0.0895111270393582	2	3	2	2
"1403"	"SWARM"	-0.00329798636260593	0.0441342770412098	2	3	3	1
"1404"	"SWEET"	-0.005361831132135	0.461360662005339	3	2	2	14
"1405"	"SWFTC"	-0.00602726120002857	0.10535975484465	3	3	3	3
"1406"	"SWIFT"	-0.00644129714487699	0.0708949917526737	3	3	2	4
"1407"	"SWING"	-0.00329318859928708	0.352711430440994	2	1	2	7
"1408"	"SWT"	-0.00963010130835623	0.0830781877832041	3	3	1	20
"1409"	"SXC"	-0.00856546866653099	0.106100511760812	3	3	2	4
"1410"	"SXDT"	-0.00115777149731143	0.140844779628287	2	3	2	2
"1411"	"SXUT"	-0.00444671250805488	0.221470667167566	2	1	2	7
"1412"	"SYNC"	-0.00243539198973745	0.285837305765386	2	1	3	8
"1413"	"SYNX"	-0.00851996089520774	0.087912869097139	3	3	3	3
"1414"	"SYS"	-0.00745156998182858	0.0813203682628041	3	3	2	4
"1415"	"TAAS"	-0.00790216282681189	0.0889372278807209	3	3	2	4
"1416"	"TAB"	-0.0020412243674193	0.0926196884371341	2	3	3	1
"1417"	"TAG"	-0.00119371210576415	0.129355446870197	2	3	3	1
"1418"	"TAJ"	-0.00219886483035175	0.366329938711327	2	1	2	7
"1419"	"TAK"	-0.00791826583268838	0.379145526832032	3	1	2	6
"1420"	"TAM"	-0.00196732901282813	0.147567788671338	2	3	2	2
"1421"	"TAP"	-0.00140869490136155	0.301349536678678	2	1	2	7
"1422"	"TBCX"	-0.0118326047548807	0.387949233287437	3	1	2	6
"1423"	"TBT"	-0.0273279217519132	0.276734360218092	3	1	2	6
"1424"	"TCOIN"	-0.00384175044267414	0.0730699435208201	2	3	3	1
"1425"	"TCR"	-0.00440574296727193	0.130534590867286	2	3	3	1
"1426"	"TCX"	-0.00909094296004204	0.402838220851988	3	1	1	21
"1427"	"TDFB"	-0.000871458623388572	0.0166719851371653	2	3	2	2
"1428"	"TEAM"	-0.0122801193057405	0.336676593992066	3	1	3	5
"1429"	"TEC"	-0.00307405021434205	0.132909620700193	2	3	2	2
"1430"	"TECH"	-0.00496189115245109	0.297413869703581	3	1	2	6
"1431"	"TEK"	-0.00265390345079737	0.246645519733196	2	1	2	7
"1432"	"TELL"	-0.00470030102186136	0.351743556575792	3	1	1	21
"1433"	"TER"	-0.0290591790230267	0.301256844839062	3	1	2	6
"1434"	"TES"	-0.00761713255076111	0.143581146933354	3	3	2	4
"1435"	"TESLA"	-0.0160617159660813	0.29179357477745	3	1	2	6
"1436"	"TFL"	-0.00725650413554133	0.0973412912767434	3	3	3	3
"1437"	"TGC"	-0.00536613085381971	0.117297984150204	2	3	3	1
"1438"	"TGT"	-0.00519339448867045	0.161382886702029	2	3	2	2
"1439"	"THC"	-0.010136765535532	0.0910746914204287	3	3	2	4
"1440"	"THNX"	0	0	2	2	2	10
"1441"	"THS"	-0.00905137035663701	0.178811897227434	3	3	2	4
"1442"	"TIA"	-0.00276133106055511	0.129618811406974	2	3	2	2
"1443"	"TIC"	-0.00449931183032695	0.0579694547023229	2	3	2	2
"1444"	"TIE"	-0.00807582514885515	0.204364956839701	3	3	3	3
"1445"	"TIME"	-0.00617861143610429	0.100701462966902	3	3	3	3
"1446"	"TIPS"	-0.00260595994751271	0.114617316246497	2	3	3	1
"1447"	"TIT"	-0.0130571505357739	0.460983528660491	3	1	2	6
"1448"	"TIX"	-0.00597110738927683	0.09165861273613	2	3	3	1
"1449"	"TKN"	-0.00423559030820288	0.122736220345333	2	3	3	1
"1450"	"TKN*"	-0.0068787881814506	0.191461421954564	3	1	2	6
"1451"	"TKR"	-0.0163442235058837	0.339330914648314	3	1	2	6
"1452"	"TKS"	-0.0085816628862753	0.0896784562782192	3	3	2	4
"1453"	"TMC"	-0.0032988743674017	0.0440651594807102	2	3	2	2
"1454"	"TME"	-0.00329888584252581	0.0441301074342388	2	3	3	1
"1455"	"TNT"	-0.00773618851639201	0.103239590628924	3	3	2	4
"1456"	"TOA"	-0.0173712444155521	0.277901066386024	3	1	2	6
"1457"	"TODAY"	-0.00679809629184052	0.12175292972194	3	3	3	3
"1458"	"TOK"	-0.00924560555891957	0.119511417680803	3	3	3	3
"1459"	"TOKC"	0.00206054996260954	0.313253748293928	2	1	3	8
"1460"	"TOM"	-0.00761389286443577	0.101014155114419	3	3	3	3
"1461"	"TOR"	0	0	2	2	3	9
"1462"	"TOT"	-0.00610403603160922	0.3334981813325	3	1	2	6
"1463"	"TPG"	-0.00519212412474419	0.199243162995681	2	3	2	2
"1464"	"TRA"	0.00879474269089672	0.168253334688094	2	3	2	2
"1465"	"TRC"	-0.00660470702312696	0.209101602016428	3	1	2	6
"1466"	"TRCT"	-0.0121166125677393	0.179920961621833	3	3	2	4
"1467"	"TREE"	0	0	2	2	3	9
"1468"	"TRI"	-0.00919675647417624	0.155445656721735	3	3	2	4
"1469"	"TRIA"	-0.00815129929198111	0.614894718240904	3	4	2	12
"1470"	"TRICK"	-0.0068523786595261	0.364933888906186	3	1	3	5
"1471"	"TRIG"	-0.0116424102610886	0.104524120087573	3	3	2	4
"1472"	"TRK"	-0.00366339463566209	0.144329991580679	2	3	3	1
"1473"	"TROLL"	-0.00329876307599991	0.112151861156591	2	3	2	2
"1474"	"TRST"	-0.0167695274789237	0.152844065102329	3	3	2	4
"1475"	"TRUMP"	-0.00409384981294748	0.348042116818961	2	1	2	7
"1476"	"TRUST"	-0.0124657263188274	0.100580416484369	3	3	2	4
"1477"	"TRV"	-0.00889520402364833	0.291404509424813	3	4	3	13
"1478"	"TRX"	-0.00182977400289634	0.0973579703595985	2	3	3	1
"1479"	"TSC"	-0.0105085069948812	0.150733991314418	3	1	3	5
"1480"	"TSE"	-0.0082965963608586	0.348051870492722	3	1	2	6
"1481"	"TTC"	-0.00674181260352272	0.311132092046362	3	1	3	5
"1482"	"TUBE"	-0.00495553053700717	0.0699815710267007	2	3	2	2
"1483"	"TUR"	-0.00257639065288611	0.21144563936537	2	3	3	1
"1484"	"TWIST"	-0.0114746040379233	0.399162085253888	3	1	2	6
"1485"	"TWLV"	0	0	2	2	3	9
"1486"	"TX"	-0.00969078825016611	0.087417286843646	3	3	2	4
"1487"	"TZC"	-0.00903956622140677	0.0995701308362687	3	3	2	4
"1488"	"U"	0.00996291947934527	0.668835183146257	2	2	2	10
"1489"	"UBC"	-0.00329740356003796	0.0441488903421376	2	3	3	1
"1490"	"UBIQ"	-0.00420056629958268	0.102807085624053	2	3	2	2
"1491"	"UBQ"	-0.00870303515927824	0.0746363412468348	3	3	3	3
"1492"	"UBTC"	-0.0129539655888616	0.158713971158659	3	3	2	4
"1493"	"UET"	-0.00578432134511423	0.168212321677595	3	3	3	3
"1494"	"UETL"	-0.00324479052847209	0.0799941966993744	2	3	2	2
"1495"	"UFO"	-0.00329827936911592	0.0441316405612435	2	3	3	1
"1496"	"UIS"	-0.00672963747386641	0.270471753320154	3	1	3	5
"1497"	"UKG"	-0.00918605897276076	0.0972006391718092	3	3	2	4
"1498"	"UMC"	0.00263683304929942	0.133778982384374	2	1	3	8
"1499"	"UMO"	-0.00488649682786422	0.11223341914647	2	3	3	1
"1500"	"UNAT"	-0.00329710125087111	0.0441426595473074	2	3	3	1
"1501"	"UNB"	0	0	2	2	3	9
"1502"	"UNC"	0	0	2	2	3	9
"1503"	"UNF"	-0.00329848669308991	0.141505650391276	2	3	2	2
"1504"	"UNI"	-0.00849855177875523	0.26359501948402	3	1	3	5
"1505"	"UNIFY"	-0.0097076192414881	0.248518726489341	3	1	3	5
"1506"	"UNIQ"	-0.00329847694537566	0.0441210086049969	2	3	3	1
"1507"	"UNIT"	-0.00728220600163495	0.208889260557174	3	3	3	3
"1508"	"UNITS"	-0.009604562398694	0.336402314053169	3	1	3	5
"1509"	"UNITY"	-0.0032972629373369	0.0441239811414588	2	3	2	2
"1510"	"UNO"	-0.000668515158677425	0.166515101798623	2	3	2	2
"1511"	"UNRC"	-0.00652667428752759	0.191143790005603	3	3	3	3
"1512"	"UQC"	-0.00674403753304622	0.208791086270734	3	1	2	6
"1513"	"UR"	-0.00647583051895177	0.109059964791148	3	3	2	4
"1514"	"URO"	-0.000334792999038641	0.00639834389823064	2	3	2	2
"1515"	"USC"	-0.00343677019896425	0.294003366381898	2	1	2	7
"1516"	"USDE"	-0.00489637030162453	0.205232619068905	2	3	2	2
"1517"	"USDT"	-5.62922061938494e-05	0.00948681724670732	2	3	2	2
"1518"	"UTC"	-0.00821677350431702	0.111638313736592	3	3	3	3
"1519"	"UTH"	-0.00329798636260593	0.0441347384057458	2	3	2	2
"1520"	"UTIL"	-0.00329776646771019	0.0441383101740389	2	3	2	2
"1521"	"UTT"	-0.00450767860034013	0.121484789498168	2	3	3	1
"1522"	"VAL"	-0.00606544488637644	0.250356108838775	3	1	3	5
"1523"	"VAPOR"	-0.00380557097876378	0.124323039948424	2	3	3	1
"1524"	"VDO"	-0.00329827873430973	0.0441427047053803	2	3	2	2
"1525"	"VEC2"	-0.00903652705770943	0.140521229909431	3	3	3	3
"1526"	"VEG"	-0.00885925052051184	0.351970901539238	3	1	3	5
"1527"	"VERSA"	0	0	2	2	3	9
"1528"	"VET"	-0.0170165232753657	0.320385656382894	3	1	3	5
"1529"	"VIA"	-0.00717008801631025	0.0738330701589862	3	3	3	3
"1530"	"VIB"	-0.00741426569986794	0.0936457913952931	3	3	3	3
"1531"	"VIBE"	-0.0043993548231668	0.139375634869925	2	3	2	2
"1532"	"VIDZ"	-0.0069973553010314	0.242984950681028	3	1	2	6
"1533"	"VIOR"	-0.00329878015679183	0.0441234740037762	2	3	2	2
"1534"	"VIP"	-0.00757537902251306	0.328967866462323	3	1	2	6
"1535"	"VIRAL"	0	0	2	2	3	9
"1536"	"VISIO"	-0.0127034711608871	0.365888276196867	3	1	3	5
"1537"	"VIVO"	-0.0147161736885041	0.103323891755929	3	3	3	3
"1538"	"VLT"	-0.015410041595037	0.14056068512053	3	3	3	3
"1539"	"VLTC"	0	0	2	2	3	9
"1540"	"VMC"	-0.00329845988841778	0.0441255513261404	2	3	3	1
"1541"	"VOISE"	-0.00876386958911002	0.311333589349068	3	1	2	6
"1542"	"VOL"	-0.00363810258286429	0.153292357029261	2	3	3	1
"1543"	"VOLT"	-0.0050755873377507	0.376025414042626	3	1	2	6
"1544"	"VOOT"	-0.00329919326436208	0.0441461213051217	2	3	3	1
"1545"	"VOYA"	-0.00459443834203103	0.0969426222996749	2	3	3	1
"1546"	"VPRC"	-0.00807714225479534	0.253477270045723	3	1	3	5
"1547"	"VRC"	-0.00684291142454325	0.0894476318122285	3	3	3	3
"1548"	"VRM"	-0.00767681381114402	0.0945169597442904	3	3	3	3
"1549"	"VRP*"	-0.0118564672684565	0.260404795394494	3	1	3	5
"1550"	"VRS"	0.0158424447857853	0.391970418090223	2	4	2	15
"1551"	"VSL"	-0.0121912386024942	0.182653840564731	3	3	2	4
"1552"	"VSX"	0.0100652784497347	0.192560114974711	2	3	3	1
"1553"	"VTA"	0	0	2	2	3	9
"1554"	"VTC"	-0.00876501421231656	0.0780735754892884	3	3	2	4
"1555"	"VTL"	-0.00246288399483364	0.326246013118089	2	1	3	8
"1556"	"VTN"	-0.00126703283123535	0.724939425039573	3	2	3	11
"1557"	"VTR"	-0.00656542553045415	0.091478765293004	3	3	3	3
"1558"	"VTX"	-0.00598746483703074	0.277330234568035	3	1	3	5
"1559"	"VTY"	-0.00834515420169411	0.252517402501319	3	1	2	6
"1560"	"VUC"	-0.0207416721413403	0.285185279993588	3	1	3	5
"1561"	"WABI"	-0.00726573780582726	0.0937646669427777	3	3	3	3
"1562"	"WAND"	-0.00831425796364517	1.32775875090764	1	5	3	18
"1563"	"WARP"	-0.0019210314519484	0.116531785505984	2	1	3	8
"1564"	"WASH"	-0.0086614362314174	0.309789580462976	3	1	2	6
"1565"	"WAVES"	-0.00393376347264676	0.0699467037743883	2	3	2	2
"1566"	"WAY"	-0.00329726293733689	0.107070144929319	2	3	2	2
"1567"	"WBB"	-0.00590023018949009	0.309527261140798	3	1	3	5
"1568"	"WBTC*"	-0.0032983264282719	0.0441322038212815	2	3	2	2
"1569"	"WC"	-0.00620950921499707	0.0921147326791731	3	3	3	3
"1570"	"WCT"	-0.00411377354850398	0.11795512107823	2	3	3	1
"1571"	"WDC"	-0.005010128145348	0.111200249512642	2	3	1	19
"1572"	"WEALTH"	-0.00322322406151265	0.0441586414132429	2	3	3	1
"1573"	"WEX"	0	0	2	2	3	9
"1574"	"WGC"	0	0	2	2	3	9
"1575"	"WGO"	-0.0109195658148922	0.306685156865905	3	1	3	5
"1576"	"WGR"	-0.00569748954259163	0.237869885588254	3	1	3	5
"1577"	"WHO"	-0.0161263208015848	0.340397897427077	3	1	2	6
"1578"	"WIC"	-0.0122813829436081	0.446836910937128	3	1	3	5
"1579"	"WILD"	-0.0133573043575548	0.164735217598911	3	3	2	4
"1580"	"WINE"	0.000974521704750633	0.322498586043708	2	1	2	7
"1581"	"WINGS"	-0.007512039689579	0.08116723200517	3	3	2	4
"1582"	"WINK"	-0.00329791480304197	0.180062236029653	2	3	2	2
"1583"	"WISC"	-0.00329791480304197	0.200993475538662	2	3	3	1
"1584"	"WMC"	-0.00611178632241125	0.0961788341943344	3	3	3	3
"1585"	"WOLF"	-0.00329798636260593	0.0441342770412098	2	3	3	1
"1586"	"WOMEN"	-0.0164756396668662	0.29134416554998	3	1	3	5
"1587"	"WOP"	-0.0043428660345768	0.277371100203243	2	1	2	7
"1588"	"WORM"	-0.00421718482715686	0.140959232099196	2	3	3	1
"1589"	"WRC"	-0.00866357874510269	0.232633408020216	3	1	3	5
"1590"	"WRC*"	0.0008409870419411	0.115603648366307	2	3	3	1
"1591"	"WRT"	-0.00200983742298438	0.0563518525588612	2	3	3	1
"1592"	"WSX"	0.00507943362478254	0.162049335342244	2	3	2	2
"1593"	"WTC"	-0.0057610900006846	0.0905364540705896	2	3	2	2
"1594"	"WTT"	-0.0103745143708997	0.237104152717656	3	1	2	6
"1595"	"X2"	-0.00821804605133404	0.367794617212933	3	1	2	6
"1596"	"XAI"	-0.00329842611650036	0.0441292869942	2	3	3	1
"1597"	"XAP"	-0.0137979441094519	0.287110438882117	3	1	3	5
"1598"	"XAS"	-0.00776946583430747	0.0801287948091367	3	3	3	3
"1599"	"XAU"	-0.00534869161585144	0.134096237244304	2	3	3	1
"1600"	"XAUR"	-0.00335333943543672	0.0682258862117367	2	3	3	1
"1601"	"XBC"	-0.00863356416367965	0.117233483036944	3	3	3	3
"1602"	"XBL"	-0.00460462739762837	0.137307608869553	2	3	3	1
"1603"	"XBOT"	-0.00329869790210516	0.0441346167784667	2	3	3	1
"1604"	"XBP"	-0.023136895030655	0.53883247498886	3	2	3	11
"1605"	"XBS"	-0.00929288902093485	0.178063050100527	3	3	3	3
"1606"	"XBTS"	-0.00757951743790128	0.391660129486696	3	1	3	5
"1607"	"XBY"	-0.0105618979423277	0.182059409405163	3	3	3	3
"1608"	"XC"	-0.00329325222533694	0.0443243240374292	2	3	3	1
"1609"	"XCE"	-0.00442688202125861	0.151421907795168	2	3	3	1
"1610"	"XCI"	-0.00329780601141858	0.0441440671295388	2	3	2	2
"1611"	"XCN"	-0.00539983952529468	0.127931208733582	2	3	3	1
"1612"	"XCO"	0.00117529431884846	0.164467255294459	2	1	2	7
"1613"	"XCP"	-0.00723933406526685	0.0767117243914131	3	3	2	4
"1614"	"XCPO"	-0.00703944176583979	0.101113646575336	3	3	2	4
"1615"	"XCR"	-0.00329860677837449	0.0441325400167926	2	3	3	1
"1616"	"XCRE"	0	0	2	2	2	10
"1617"	"XCT"	0	0	2	2	3	9
"1618"	"XCXT"	0.00854671995715329	0.171117239691791	2	1	2	7
"1619"	"XDB"	-0.00483106272845612	0.230342387580324	2	1	2	7
"1620"	"XDE2"	0	0	2	2	2	10
"1621"	"XDN"	-0.00765902704543124	0.0907565781124384	3	3	3	3
"1622"	"XDP"	-0.00329850022509527	0.0441495922779997	2	3	3	1
"1623"	"XDQ"	-0.00329879561280725	0.0441524411413827	2	3	3	1
"1624"	"XEL"	-0.00809819715390305	0.0801377996746938	3	3	3	3
"1625"	"XEM"	-0.00712862561707311	0.0679140578987964	3	3	2	4
"1626"	"XEN"	0	0	2	2	3	9
"1627"	"XFC"	0	0	2	2	3	9
"1628"	"XFT"	-0.0119529311836809	0.151190703198848	3	3	3	3
"1629"	"XG"	-0.0032983347469387	0.0441286488858557	2	3	2	2
"1630"	"XGB"	0.0071711788370203	0.226890747707511	2	1	3	8
"1631"	"XGOX"	-0.00914496184195318	0.238832726412647	3	3	3	3
"1632"	"XGR"	-0.00253535765336006	0.106512208269837	2	3	2	2
"1633"	"XHI"	-0.00769786540480212	0.408519764172034	3	1	2	6
"1634"	"XID"	0	0	2	2	2	10
"1635"	"XID*"	-0.0019210314519484	0.838614268226452	3	2	3	11
"1636"	"XIN"	0.000556396062326637	0.286416227980612	2	1	3	8
"1637"	"XIN*"	0.030351497747858	2.84821013008951	1	5	3	18
"1638"	"XIOS"	-0.0156453266207612	0.186770205010656	3	1	3	5
"1639"	"XJO"	-0.0095802127795555	0.244270179556451	3	1	2	6
"1640"	"XLB"	-0.00329906416808594	0.0441292277449373	2	3	2	2
"1641"	"XLC"	-0.0122002324680865	0.130445307701381	3	3	2	4
"1642"	"XLM"	-0.00282948609184853	0.0745830709672918	2	3	3	1
"1643"	"XMCC"	-0.0110916511800827	0.099385446296503	3	3	2	4
"1644"	"XMG"	-0.0153713003715823	0.268423644980714	3	1	3	5
"1645"	"XMO"	0.0544148347267332	1.0854279293379	2	2	2	10
"1646"	"XMR"	-0.00512700340691122	0.0631231480805467	2	3	2	2
"1647"	"XMY"	-0.00605763981564992	0.0957134358011893	2	3	2	2
"1648"	"XNA"	0	0	2	2	3	9
"1649"	"XNC"	-0.00485591536360001	0.23993579877921	2	1	2	7
"1650"	"XNG"	-0.00853351335608129	0.519741767293996	3	4	3	13
"1651"	"XNN"	-0.0152136259503028	0.343901940848633	3	1	2	6
"1652"	"XNX"	0.000396393485961899	0.361273693672018	2	1	2	7
"1653"	"XP"	-0.00329827936911592	0.2196056538922	2	1	2	7
"1654"	"XPB"	-0.00329831939800963	0.0441349932156007	2	3	2	2
"1655"	"XPD"	-0.00105511449500952	0.323257791256042	2	1	2	7
"1656"	"XPH"	-0.00329827936911592	0.0441316405612435	2	3	2	2
"1657"	"XPM"	-0.00370988486524299	0.090345458466934	2	3	2	2
"1658"	"XPO"	-0.00648142939856534	0.123731090865443	3	3	2	4
"1659"	"XPOKE"	0	0	2	2	2	10
"1660"	"XPRO"	-6.75700152195431e-06	0.000112264355136555	2	3	2	2
"1661"	"XPS"	-0.00449980470314098	0.308596819896687	3	1	2	6
"1662"	"XPT"	-0.000428939813052157	0.00680101320760437	2	3	2	2
"1663"	"XPTX"	-0.000176334757206478	0.149187959085789	2	1	3	8
"1664"	"XPY"	-0.00718034834270129	0.315418693539787	3	1	3	5
"1665"	"XQN"	0.000553827101449745	0.357563455555467	2	1	3	8
"1666"	"XRA"	-0.00425590758552118	0.334984031409419	3	1	2	6
"1667"	"XRE"	-0.00477016519091255	0.118344193862317	2	3	2	2
"1668"	"XRL"	-0.00938247870077909	0.267965534441475	3	1	2	6
"1669"	"XRP"	-0.00451442095931856	0.0677679290374752	2	3	2	2
"1670"	"XSEED"	-0.00329769739023821	0.044113832237359	2	3	2	2
"1671"	"XSI"	-0.00329791480304197	0.0441268556280899	2	3	2	2
"1672"	"XSP"	-0.00958075928229503	0.240232672084355	3	1	3	5
"1673"	"XSPEC"	-0.00853077177792221	0.104576783869061	3	3	3	3
"1674"	"XST"	-0.0067032350468804	0.0873327245445445	3	3	3	3
"1675"	"XSTC"	0	0	2	2	3	9
"1676"	"XT"	-0.00177352777746004	0.25688505143863	2	1	3	8
"1677"	"XTC"	-0.00329786367622775	0.0441451582454353	2	3	2	2
"1678"	"XTO"	-0.000257679452107217	0.168831741788011	2	1	2	7
"1679"	"XTZ"	-0.00581301983963417	0.10064024987442	2	3	2	2
"1680"	"XUC"	-0.00370513820361583	0.0547837194607758	2	3	2	2
"1681"	"XUP"	-0.00835957472718142	0.424077135385669	3	1	2	6
"1682"	"XVC"	-0.0129939276768396	0.123726496102185	3	3	2	4
"1683"	"XVE"	-0.0069664950392357	0.294072566938272	3	1	2	6
"1684"	"XVG"	-0.00822680561139897	0.0898330098384199	3	3	3	3
"1685"	"XVP"	-0.00604029081445513	0.248199182293417	3	1	2	6
"1686"	"XWC"	-0.00394407525571406	0.0817077631873141	2	3	2	2
"1687"	"XWT"	0	0	2	2	3	9
"1688"	"XXX"	-0.00329815004841165	0.0441303889214468	2	3	2	2
"1689"	"XZC"	-0.00814957671592125	0.0632647525734938	3	3	2	4
"1690"	"YAC"	-0.00189384475562827	0.302504598808562	2	1	2	7
"1691"	"YAY"	-0.00628984963921411	0.222831560810986	3	1	3	5
"1692"	"YBC"	-0.00169339453006837	0.19473255510736	2	1	3	8
"1693"	"YES"	-0.00702417781308395	0.138708189083647	3	3	3	3
"1694"	"YMC"	-0.00811992280515988	0.353270254315123	3	1	3	5
"1695"	"YOC"	-0.00534253256626734	0.122125152707316	2	3	3	1
"1696"	"YOVI"	0.00376835364771039	2.92811131622683	1	5	2	17
"1697"	"YOYOW"	-0.00804331103155899	0.0856906430946746	3	3	2	4
"1698"	"ZAP"	-0.00654502415269602	0.28814796620244	3	1	2	6
"1699"	"ZBC"	0.0021377130478263	0.669145088078245	2	4	2	15
"1700"	"ZCC"	-0.00329890552197427	0.0441280557017027	2	3	3	1
"1701"	"ZCG"	-0.00542486431373246	1.3568198092186	1	5	3	18
"1702"	"ZCL"	-0.0117125677178439	0.143025654672087	3	3	3	3
"1703"	"ZEC"	-0.00566640257058444	0.0633166133104557	2	3	3	1
"1704"	"ZECD"	-0.00734773307773392	0.217817902588965	3	3	3	3
"1705"	"ZED"	-0.00329835501386581	0.0441328524719925	2	3	2	2
"1706"	"ZEIT"	-0.00594842042354927	0.214427123066542	3	3	2	4
"1707"	"ZEN"	-0.00626809404118938	0.0702551407750067	2	3	2	2
"1708"	"ZENI"	-0.00395668170621795	0.123372372441287	2	3	2	2
"1709"	"ZER"	-0.00888486973733472	0.116060771302541	3	3	2	4
"1710"	"ZET"	-0.00944613892981748	0.309401216382652	3	1	3	5
"1711"	"ZET2"	-0.00089777066604428	0.017175364152888	2	3	3	1
"1712"	"ZLQ"	-0.00653953527567513	0.332629632091107	3	1	3	5
"1713"	"ZNE"	-0.0137985959008908	0.433299888017139	3	2	3	11
"1714"	"ZNY"	-0.00729416323895439	0.266020959085281	3	1	3	5
"1715"	"ZOI"	-0.00856610933000409	0.120156905339441	3	3	3	3
"1716"	"ZOOM"	-0.00763151236153247	0.320421901132739	3	1	2	6
"1717"	"ZRC"	-0.00026967042429247	0.0958034672600438	2	3	2	2
"1718"	"ZRX"	-0.00223245304700501	0.0843321635074626	2	3	2	2
"1719"	"ZSC"	-0.00863397629739144	0.127879278327405	3	3	1	20
"1720"	"ZSE"	-0.00529418309675057	0.115828591091858	2	3	3	1
"1721"	"ZUR"	-0.00735056972575424	0.311993007808818	3	1	3	5
"1722"	"ZXT"	0	0	2	2	3	9
"1723"	"ZYD"	-0.003343648720279	0.306208021187506	2	1	3	8
